 -3.1002370e-002  4.1583642e-004  5.4323269e-004  3.8703699e-001  2.9503855e-001  0.0000000e+000
 -4.1514546e-002 -8.5258453e-003 -5.2815186e-003  2.2765841e-001 -2.8661221e-001  0.0000000e+000
  2.8641041e-002 -2.2067722e-002 -4.0003917e-002 -1.5947370e-001  1.7719475e-001  0.0000000e+000
 -4.1712235e-002  4.4942779e-002  5.9470899e-002  3.8590796e-001 -1.8153297e-001  0.0000000e+000
  5.1075842e-002 -3.9461425e-002 -1.4875781e-001  3.3978997e-002  4.2361966e-001  0.0000000e+000
  4.2818096e-002  1.0988297e-003  3.9908859e-003 -4.3813228e-001 -2.4867291e-001  0.0000000e+000
  3.5155747e-002  5.9823527e-003 -2.1725806e-002 -2.4041331e-001  2.8650336e-001  0.0000000e+000
 -3.4528563e-002 -2.1632768e-002 -2.4500364e-003  2.9450746e-001 -2.9195411e-001  0.0000000e+000
 -2.7575591e-002 -5.3713513e-002 -7.0131330e-002  1.4778601e-001 -5.8927495e-002  0.0000000e+000
  3.7313740e-002  5.1902921e-002  9.1970361e-002  3.6557170e-002 -2.6736930e-001  0.0000000e+000
 -1.7986976e-001  8.1332817e-001  9.7148624e-001 -2.7549688e+001  1.5519490e-001  0.0000000e+000
 -7.0384202e-002 -4.8633884e-002 -8.4330138e-002  2.3830729e-001 -1.6790893e-001  0.0000000e+000
 -4.1107848e-002  1.7308403e-001  2.3550051e-001  3.8094392e-001  3.9811223e-001  0.0000000e+000
  1.0431662e-002  1.6004003e-002  3.7191113e-002  9.4234961e-002  4.1757962e-001  0.0000000e+000
  7.1341436e-002  6.2206856e-002  2.7210590e-002 -4.1648704e-001  5.1899623e-001  0.0000000e+000
 -5.3360004e-002  1.0482717e-001  1.4655504e-001  5.3019919e-001  1.6590922e-002  0.0000000e+000
  3.1349034e-002  2.2687263e-001  3.2621604e-001 -4.2433024e-001 -2.4114169e-001  0.0000000e+000
 -5.9077710e-002 -1.5408314e-001 -2.3084970e-001 -3.2146850e-001  1.9303601e-001  0.0000000e+000
  3.8175184e-002  1.1657060e-002  1.9843290e-002 -3.7703924e-001 -2.7788939e-001  0.0000000e+000
 -1.5689271e-002 -6.8560696e-003 -2.6004620e-003  2.7430199e-001  1.4765508e-001  0.0000000e+000
 -8.6421234e-003 -1.3705617e-002 -5.1327078e-002 -4.8503210e-002  2.1775284e-001  0.0000000e+000
  2.3300490e-002 -4.7636882e-002 -6.4980006e-002 -3.4941546e-001 -3.2067264e-001  0.0000000e+000
 -4.6431065e-003  7.5159940e-002  1.1602874e-001  2.1428503e-002  3.5253616e-001  0.0000000e+000
 -1.5798043e-002  3.2597513e-001 -3.2262974e-002  4.7650738e-003 -1.2690050e-002  0.0000000e+000
 -3.6027443e-002  3.4052592e-001 -6.6593225e-002 -5.3741462e-003  1.7620289e-004  0.0000000e+000
  6.2336365e-002 -9.4169911e-002 -4.8006051e-002  2.7825751e-001  4.6480546e-001  0.0000000e+000
 -3.2699235e-002 -3.4642255e-002 -4.7393078e-002  3.6059512e-001  3.7818616e-001  0.0000000e+000
 -1.3276824e+001  1.3476401e+001 -1.1638331e+001 -2.2031515e+001  3.8592820e+001  0.0000000e+000
  3.4590534e-002  5.6313481e-002  8.6350214e-002 -3.0148025e-001  3.2878349e-001  0.0000000e+000
 -4.6952144e-002 -3.6460132e-001  6.8663635e-002  9.0243830e-004 -1.9227093e-003  0.0000000e+000
  2.0488353e-003 -2.3495867e-003 -2.1735845e-002 -2.3250408e-001 -3.2528389e-001  0.0000000e+000
 -2.1418626e-002  1.2031546e-002 -1.9460453e-002  4.2606907e-001  4.1811911e-001  0.0000000e+000
