  -4.9706872e-02   5.1350244e-02   4.5883594e-02   2.3894982e-01  -1.5970008e-01   2.2028892e-05
   1.4082198e+00   8.5675447e-01   2.5180147e+01  -3.7720933e+01   6.4588699e+01   6.2928500e-01
   3.1155361e+01  -2.9735940e+00   4.8203380e+01   1.2963082e+02  -6.2448011e+01  -5.3171567e+01
  -1.3236595e-01  -1.5923693e-02   3.6031447e-02   5.1247803e-02   1.0059813e-01   6.1668061e-01
   5.0458308e-02  -2.8152363e-02  -2.5507777e-02  -2.7482187e-01  -2.5071934e-01   4.9971370e-05
  -2.0707602e-02   1.7741239e-02   7.8549904e-03   2.6635462e-01  -4.3418114e-02  -6.1350246e-06
  -2.0786402e+01   1.6255885e+01   4.6563230e-01  -1.3870668e+02  -5.7632396e+01   2.8395612e+01
  -9.4820556e-02  -8.4041627e-02  -7.8895255e-02   3.8410314e-01  -3.3589095e-01   2.4332527e-04
   6.5186925e-01  -2.9124749e+00   4.0060379e+01  -4.7422312e+01   8.6013155e+01   5.0387186e+00
  -3.5120371e-03  -1.9180239e-01  -1.8499872e-01  -1.5707577e-02   3.0934887e-01  -4.3324306e-01
   1.9445386e-01   3.9979974e-01  -2.7888069e-02  -6.8772545e-04   5.8547427e-03  -2.0736333e-04
  -6.9872961e-02  -2.9688312e-02  -6.1276477e-02   3.4734208e-01  -3.0053795e-01   4.6626945e-05
   5.1928951e-02   1.0831004e-01   1.8276056e-01  -3.1099704e-01   2.9243538e-01   9.6135265e-05
   4.9009626e-03   1.4271715e-02   1.6526318e-02  -1.7384742e-03   2.7127002e-01  -2.8725404e-04
   2.4396088e-01   1.9147014e-01   5.8828867e-03   3.5424209e-02  -3.9001771e-01  -4.9656253e-05
  -6.7609117e-02   5.0131709e-02   3.8919464e-02   2.9824122e-01   2.2617332e-01  -1.3073131e-04
   3.0649160e-03  -1.5446341e-02  -3.1410287e-02   8.5865965e-02   1.9559484e-01   1.3165765e-04
  -6.5846031e-03  -3.7405749e-02   1.3083258e-02  -1.1310860e-02   2.3435656e-01   2.5561642e-04
   9.4285721e-02   2.9785439e-01   3.8053271e-01  -6.7890974e-01  -1.2530557e-01   2.1249541e-03
   5.0741776e-02  -3.7392424e-02  -4.2033629e-02  -2.5902287e-01  -2.3691877e-01   1.0051080e-04
  -6.9109638e-02   6.8226181e-02   9.2122226e-02   3.3748644e-01   3.1865824e-01  -1.2721491e-04
  -3.9310689e-01   1.5817713e-01   2.8618482e-01   3.5361333e-03  -3.2949010e-02   1.9284793e-04
  -5.2370223e-02  -6.6593182e-02  -7.9540896e-02   3.7976404e-01  -2.9833202e-01   2.1555260e-04
   2.2096056e-01  -1.4253054e-01   8.1132498e-02   1.3815723e-02  -8.3903611e-02   2.7597483e-04
  -6.2167298e-02   3.2260748e-01  -6.6196388e-03   7.5409215e-03  -3.5299914e-02   2.8407882e-04
   1.1167589e-02   5.0405728e-02   1.0346675e-01   2.5222120e-02  -2.8560565e-01   6.2498460e-01
  -4.3180144e-02   3.2111638e-02   2.8531787e-02   2.5884613e-01   2.3053047e-01  -1.0366136e-04
   6.6980511e-02  -8.8139868e-02  -8.1925147e-02  -2.7859782e-01   2.0974081e-01  -1.0576009e-05
  -1.2335053e-02   4.9138798e-02   4.0542344e-02   5.8632720e-03  -2.8914839e-01   2.7540522e-04
  -1.3203013e-01  -1.8769797e-02   3.6507354e-02   5.2303876e-02   9.6545241e-02   6.1679775e-01
  -3.2471184e-02  -7.7531536e-02  -3.2299412e-02   1.6257703e-02  -2.9622304e-01   7.0913909e-04
   5.8033205e-02  -8.1780636e-02  -2.2180291e-02   1.8174016e-02  -3.4440191e-01   7.7881181e-04
