 -2.7932127e+000  1.5050882e+001  3.6077986e+000  4.1625204e+000 -4.5266981e+000  3.8411335e+000  9.3997448e-001  1.0438795e+001 -7.7858653e+000 -1.1409589e+000  6.4947620e+000 -1.5297001e+000 -6.0982698e+000 -7.9465005e+000  2.2720434e-001 -4.3761032e+000  3.4712848e+000  5.8493738e+000  1.1911256e+000  2.2387753e+001  1.4129327e+001 -1.1323015e+001 -4.8528138e-001  3.4065648e+000 -9.2686344e+000 -9.8178939e+000 -6.7322215e-001  1.3211241e-001  2.1227320e+001 -7.2300649e+000 -6.0593207e+000 -2.8302521e+000
  3.7564020e+000 -1.7555920e+001 -2.8887707e+001 -8.7437523e+000  5.1326496e-002 -7.2652318e+000  1.6156353e+001  6.4770559e+000  1.9661941e+001  1.4737648e+001 -7.7811174e-004 -2.0375938e+001 -1.7598199e+000 -2.1581165e+000  1.6892570e+000  4.1241495e+000 -1.5164636e+000 -2.9073718e+000  1.2336360e+001 -1.3379622e+001  2.4402572e+001 -7.0794553e+000 -2.8328630e+000 -1.7123006e+000  4.2249295e+000  1.0148475e+000 -7.4011310e+000  6.7910965e-004 -4.9751765e+000  4.7316882e+000 -9.3121226e+000  2.1255822e+000
  7.8634152e+000  1.5630244e+001  5.3588322e+001  8.8413682e+000 -6.3933609e+000  1.1935006e+001 -9.9107486e+000  7.4024998e+000  1.3040660e+000 -8.6436465e+000 -6.3461622e-002  7.1970080e+000  5.1124671e+000 -1.1851472e+000  1.7414507e+000 -4.3518073e+000 -1.7708888e+000 -1.4484667e-001 -1.7808469e+001 -4.3474170e+000 -1.7715265e+001  1.8275272e+001  5.8320877e+000  3.8582587e+000 -3.8147187e+000  2.2115964e+000  1.6850886e+000 -1.2290603e-002 -2.5700661e+000 -3.6801967e+000 -6.7270468e+000 -4.2141586e+000
  1.3600051e+001  5.6945397e+000  1.9387109e-001 -1.1890534e-001  4.3597832e-001  1.3265560e+000 -1.4653425e+001 -6.9016175e+000 -7.7267956e-001  1.0377911e+001  2.1438431e-002  4.6219684e+000  5.8217161e+000  2.7687307e+000 -1.9037000e+000  1.6155831e+000 -8.3891511e-001  2.9126684e+000 -2.3991858e+000 -1.6204212e-002  1.9685683e+001  2.5729052e+001  3.6847344e+000  4.0099411e+000  7.5132810e+000  1.7881215e+000 -1.3895225e+001 -5.0879101e-003  4.3798538e+000  9.0933367e+000 -2.6736862e+000  8.7055774e+000
  8.1381068e+000  2.7701764e+001 -7.2395394e+000  5.1669703e+000  2.3378833e+001 -1.9471587e+000 -4.9840621e+000 -7.8720928e+000  4.5425528e-001 -2.8962452e+000 -8.0092866e+000  1.2798534e+001 -3.6983980e+000 -5.7137795e+000 -9.2717195e+000  2.1747734e+001  1.4958185e+001  4.9176638e+000  1.7872996e+001 -5.5893799e+001 -1.3507062e+001 -1.6028230e+001 -4.2238054e+000 -2.6547577e+000  2.3582822e+001  6.7098044e+000  9.1457327e-001 -6.6579824e+000  1.2723597e+001  1.5526165e+001 -2.8148522e+001 -3.1437644e+001
 -1.7685141e+001  1.1938007e+001  2.5687040e+001  2.0954385e+001  4.2832646e+000 -5.0729655e+000 -1.1864359e+001  7.0293425e+000  3.7018589e+000  4.1614170e+000  3.6908996e-001 -4.2345251e+000  1.8529669e+001  1.3681879e+001  3.9090006e+000 -2.4476781e+000  8.0226930e+000  7.2377783e+000  1.0724168e+001 -7.0332078e+000 -8.3250921e+000  6.7446125e+000 -5.0255415e-002  1.7807663e+000  3.3328937e+001  1.3588903e+001  8.4331959e+000 -1.9590846e+000  6.6970813e+000  2.1731677e+001 -1.5463032e+000 -6.9419868e+000
 -4.2650777e+000 -1.1116800e+001 -1.4507194e+001  8.5126863e-001  2.4224311e+000  5.3144134e+000  5.8123886e+000 -4.6263428e+000 -4.6399420e+000 -7.4246784e+000 -6.1855966e-003  8.4571015e+000 -1.2913582e+000 -6.2560853e+000  1.6919405e-001  2.1895188e-002 -1.1084663e-001 -8.6128462e-001 -1.0936181e+001 -4.8735247e+000 -1.2979515e+000 -4.0500415e+000 -9.2390741e+000  3.3246699e-001 -3.7011887e+000  3.6569667e-001  4.9334860e+000  2.1610302e-003 -6.5374848e+000  1.0477173e+000 -3.8378339e+000 -2.7636730e+000
  4.3379042e-001 -1.5807889e+001 -8.8417773e+000  1.7118997e-001  2.5968005e+000  3.5198247e-001  2.5648753e+001  1.5274221e+001  1.6928814e+001  7.6490569e-001 -1.9323774e-004 -1.0857459e+001 -2.6917312e+000 -3.4081355e+000  6.3787599e-001  7.2670651e-001  2.4976430e-001 -9.0511932e-001  2.3459601e+000 -1.3293324e+001 -1.0216945e+001 -1.2001354e+001 -7.1565916e+000  3.5955624e+000 -1.6501344e+001  9.9918266e-001  1.4334060e+000  3.4215098e-003 -2.4267746e+000 -1.4754823e+001 -8.2664648e+000 -1.9297312e+000
  1.2445101e+001 -2.5346750e-001 -2.0546113e+001 -1.0321880e+001 -2.0025130e+000  1.1443733e+001 -5.8086116e+000 -1.0189573e+001 -2.5036401e+001 -8.2378205e+000 -8.8698553e-002  1.1945376e+001  1.0397113e+001  6.8178558e+000  1.4267514e+000  2.7819973e-001 -1.5220442e+000 -1.5692720e+000 -2.5851527e+001  9.2696450e+000  1.2454232e+000  4.0381725e+001  3.6351537e+000  2.4403595e+000 -6.0049934e+000 -7.7732173e-001  2.1665542e+001 -8.3813927e-003 -1.0217904e+001 -4.2674150e+000  2.3721310e+001 -8.1470775e+000
 -2.4141110e+001  1.0191397e+001  3.8682425e+001  1.3766740e+001  3.0632056e-001  3.0892053e+000 -1.3239705e+001  2.0302705e+000 -1.2080163e+001  6.2594280e+000 -2.5342745e-002  2.0304560e+001  2.7748113e-001  4.0414578e+000  2.0132399e+000 -9.1167527e+000  3.5396161e+000  3.2168945e+000 -8.7738003e+000  2.7266350e+001  9.8312066e+000 -8.3354456e+000  4.3816677e-001 -7.4194767e+000 -1.0892654e+001 -1.4052972e+000 -3.9790649e+000  3.5413599e-003 -4.5044028e+000 -1.2220472e+001  2.5623075e+000 -2.1229696e-003
  4.2320862e+000 -8.7175497e+000  9.2015562e+000  2.0285097e+001 -3.1487223e+000  1.7977481e+000 -7.4589308e+000  5.5067396e+000  2.1352523e+001  1.0211454e+001 -9.4256914e-002  6.8329368e+000  9.1079835e+000  8.8658877e+000  3.1631328e+000 -1.0138793e+001 -7.9910376e+000 -7.6394621e+000  3.9534854e+000 -8.5050127e+000  7.9639672e+000  1.5413821e+001  5.2937345e+000  2.1456756e+000  6.1609834e+000  2.9747488e+000 -5.1361675e+000 -2.7597973e-002  1.5788542e+000  4.4008820e+000 -9.9372366e+000 -5.1999576e+000
 -4.5143804e+000  2.1839253e+000  1.0442181e+001 -2.6355012e+000 -8.9527901e-001  1.1084824e+001 -1.1186000e+001 -6.3769758e+000  3.3056757e+001  6.3822939e+000 -4.9534690e-002 -2.0520773e+001 -1.0488693e-001  1.1383888e+000 -1.6714616e+000  1.4312882e+000 -5.5077294e-001 -4.7936006e+000 -1.6551364e+001 -7.5861338e+000  9.8883364e+000 -2.0839419e+000  5.2060193e+000 -1.7844449e+000 -1.5262875e-001 -3.9384167e+000 -1.3379437e+001 -1.3057448e-003  5.6974808e+000 -8.6300103e-001 -8.9309890e-001  8.4536419e+000
 -4.7321192e+000  5.0065058e-001 -9.2726635e+000 -5.1188598e+000 -2.9813007e-001 -1.6450218e+000 -2.3641687e+000 -6.7634730e+000 -7.6284678e+000  1.3569302e+000  8.0299425e-002  2.5381398e+000 -8.3882942e-001  4.2828752e+000 -4.3574713e-001  1.9177613e+000  7.7485973e-001  2.9778922e-001  1.8912361e+000  1.1649164e+001  1.9223029e+000 -1.9704801e+000  4.0994668e+000  8.7468326e+000 -9.3634611e+000 -1.6352878e+000  1.4830416e+001 -1.1164321e-004 -1.5351528e+000 -6.4420405e+000  2.0091868e+001 -5.1448827e+000
 -4.4760040e+000 -1.7385901e+001 -2.3791389e+001  5.4045987e+000  8.4322792e+000  7.3497783e+000  1.2020953e+001 -1.1375896e+000 -4.8558600e+000  1.4403076e+001  1.0039108e-002  4.3780325e+000 -4.1822194e-001  1.8437523e+000  5.9594578e-001 -3.4399365e+000  2.0701988e+000  1.0496237e+000 -1.2082140e+001  7.7840979e+000  3.1452785e+000  1.0629070e+000 -5.4630579e+000 -3.2050314e+000  1.6002121e+001 -5.2565641e-001  2.7494499e+000  8.4452688e-003 -3.1444332e+000  1.3532390e+001  3.4376238e+000  2.1157936e-002
  1.1890941e+001 -1.2362860e+001 -4.0757817e+001 -1.2616042e+001  5.0723279e+000  7.3972689e-001  1.1465323e+001 -4.6499292e+000 -6.2045303e+000  7.2676811e-002 -1.6342327e-002  3.1279288e+000  8.6458087e-001  4.4717412e+000 -4.3862927e-001  6.3989195e+000 -3.2454138e+000 -4.3220061e+000 -3.8343880e+000 -1.6852447e+001  5.9875354e+000  7.2232776e+000 -6.2690881e+000 -1.3904762e+001  1.4164961e+001 -1.1250258e+000  6.2381881e+000 -1.9907993e-002 -3.7012953e+000  7.1444449e+000  6.7390835e+000 -1.1030160e+000
 -2.6674505e+001 -4.6810326e+000 -4.1770218e-001  1.6435405e+001  3.0084354e+000  7.5297095e+000 -8.7112195e+000 -1.1135740e+001  1.4270272e+001  2.5842068e+000 -2.7356553e-002 -2.7658661e+000 -7.8355277e+000 -1.9622086e+000 -2.2164003e+000 -1.0628219e+001  5.2012536e+000  6.9681835e+000 -1.9688214e+000  1.0125077e+001 -1.3018795e+000 -4.0847419e+001 -1.7316966e+000  4.8236221e-001 -6.1767142e+000 -4.5086721e+000 -4.4052051e+000 -5.1228638e-003  2.3332861e+000 -5.0099619e+000 -1.2135738e+000  3.2527806e+000
 -8.0938503e-001 -4.3125808e+000 -3.2650218e+000 -4.0285941e+000 -5.7224766e+000 -5.7818792e+000  1.1808751e+001  1.0564168e+001  9.9469465e+000 -8.8017613e+000  1.5467161e-002 -1.1163264e+001 -4.9668929e-001 -3.5824783e+000  1.3159127e+000  1.3330357e+000  1.8536696e+000 -5.1988363e-001  1.0562185e+001  4.1706619e+000 -4.8463727e+000 -2.9395824e+000  1.6104859e-001  9.4713834e+000 -2.9394331e+000  1.8032904e+000 -8.4624833e+000  5.2175607e-003 -1.2790575e+000  2.0925705e+000 -8.9287570e+000  2.6402138e+000
  4.3655485e+000 -1.0618179e+001 -1.5795787e+001 -1.1759658e+000  2.1617580e+000 -1.4976830e+001  1.7908037e+001  1.1947797e+001  1.5205145e+001  4.2354910e+000  1.0101081e-002 -8.0733212e+000 -5.6449722e+000  1.4195864e+000  2.5452658e-001  2.2947404e+000  1.7972052e+000 -4.4584574e-001  3.5632464e+001 -9.9633157e+000  1.6272696e+000 -2.3691157e+001 -4.6545269e+000  1.5557563e-001 -1.3761343e+001  3.0085372e+000  5.0202346e+000 -5.2575382e-003  3.1824301e+000 -1.3529304e+001  6.9130530e-001 -3.0176714e+000
 -1.3061233e+001  2.2803173e+001 -1.4702567e+000 -4.0375383e+000 -6.8584448e+000 -1.4874106e+000  4.2390652e+000  4.8193920e+000 -1.1158655e+000 -1.2965949e+001  4.3186206e+000  9.7068922e+000  1.0829311e+001  1.4228630e+001 -4.1997963e+000  6.5442104e+000  2.4635645e+000  5.6372750e+000 -1.0164203e+001 -3.3809750e+000  5.7172385e+000  1.2565451e+001 -1.9120306e+000 -3.8619945e+000 -1.6721981e+001  3.1047309e+000 -1.8166468e+001 -9.8066029e-002  1.1074217e+001 -1.6573027e+001  6.3543649e+000  1.8409572e+001
 -4.3006693e+000  6.0591835e+000  9.0074837e+000  2.5849550e+000 -5.7478981e-001  5.5292824e+000 -1.4031716e+001 -1.2941607e+001 -1.9203011e+001 -1.3303903e+001 -4.8473703e-003  1.8132035e+001  9.1599954e-001  1.2798618e+000 -9.7004497e-001 -1.6726972e+000  1.6625163e-001 -3.0108965e-001 -1.3061599e+001  7.0697130e+000 -1.1866096e+001  5.2967175e+000 -1.3665632e+000 -8.3606358e+000  1.3761034e+001 -4.0219788e-001  5.4576775e+000  9.8468927e-004 -3.4775083e+000  9.5401560e+000  5.1059911e+000 -1.5249027e+000
  1.9898560e+001  8.1282325e+000 -3.9072864e+000  6.8839770e+000 -1.6810353e-001 -1.0289050e+001  7.0992357e+000  1.3842007e+001 -1.3451922e+001 -1.1691545e+001  2.2118071e-004  2.2038683e+001 -1.8030258e+000 -1.0031744e+000 -3.8962741e-001 -4.9628670e+000  8.4150512e-001  4.3086542e+000  2.6477857e+001  4.3712849e+000 -1.1657568e+001  5.4509025e+000 -5.1703047e-001  1.8983375e+000 -9.4590854e+000  1.0350018e+000 -1.4831071e+001  1.0810091e-003  1.0960328e+001 -9.2049599e+000 -1.1439368e+001  5.5016539e+000
 -4.8418359e+000 -3.8969849e+000 -1.0875089e+001  1.9678169e+000  3.6111517e+000  8.6986338e+000  5.7404349e-001  8.8423192e+000  6.8364485e+000  5.3463159e+000 -1.1984326e-001 -1.7727304e+001  1.6026506e+000  2.1913580e+000  3.0295231e-001 -4.3890354e+000  3.1039039e+000  2.2156027e+000 -1.2678972e+001  2.3194131e+001  5.4484932e-001  7.5916552e+000 -7.1525387e+000  1.0898581e+001 -2.6036600e-001 -1.1757227e+000 -3.6450865e+000 -4.8315871e-002  1.0228874e+001  3.4663438e+000  4.5423800e+000  3.0200741e+000
  7.1611983e+000  2.1046566e+001  1.1453950e+001  3.5151057e+001  5.6811633e+000 -8.1544501e+000  8.0273516e+000 -3.3248494e-001 -1.1880905e+001 -1.3215442e+001  1.7070073e+001 -5.2777767e+001 -4.2373675e+001  2.2935533e+001  1.8938221e+001  2.2133543e+001 -2.2522719e+000  5.5969794e+000 -5.7959028e+000 -1.3707931e+001 -2.6747440e+000  7.9527509e+000 -2.7609398e+000 -8.4584781e-001  9.7680998e+000  8.7383339e+000 -2.2774761e+001  4.0398588e+000  2.4477311e+001  8.7883182e+000  1.6089771e+001 -1.7780971e+001
 -6.9100224e+000  9.3197596e+000  2.1614118e+001  6.9966750e+000  1.2932968e+000  6.1026891e+000 -1.1962430e+001 -2.4537650e+000 -1.1223472e+001  3.2424192e+000  3.5689882e-002  1.1674350e+001  1.7273648e+000  2.6675907e+000 -6.0600980e-001 -3.6173508e+000  2.8050758e+000  1.3561811e+000 -1.1638821e+001  1.4977612e+001 -2.2003495e+000  5.1663509e+000  1.6528949e+000 -6.0894231e+000  1.1627756e+001 -7.9408649e-001 -2.8094737e-001  6.3215523e-003  3.0744491e+000  6.7225436e+000  3.1132659e+000  4.6764194e-001
 -7.6458507e+000 -3.7869130e+000  1.3304021e+001 -7.7466965e+000  1.8356318e+000 -6.0589003e+000 -5.6951069e+000 -1.1601727e+001  7.4701641e+000  3.8738755e+000 -4.9947279e-002 -1.5776860e+000 -1.9831756e+000 -7.1805681e+000  1.6543077e+000  2.6246485e+000 -2.5686734e+000 -1.0309769e+001  3.2528431e+000 -6.4328988e+000  3.8099299e+000 -1.0935682e+001 -5.0849229e+000 -5.6194640e+000  1.4250246e+001 -8.7285766e-002 -5.1892881e+000  8.9021071e-003 -1.0705671e+001  1.2655361e+001 -1.0645813e+001  1.7165068e-001
  6.6879240e+000 -3.4865055e+000 -8.0763424e+000  7.0977519e+000  1.2720882e+000  6.3086731e+000 -3.2692204e+000 -9.7639610e+000 -4.1899688e+001 -3.3615489e+000  3.6625210e+000  4.1605368e+001 -1.7295465e+000  3.1548139e+000 -4.8040676e-001  2.1535574e+000 -3.5323110e-001  6.4956842e+000 -1.6178692e+001  2.2513528e+000 -4.9538671e+000  1.2737622e+001 -9.9595559e+000 -8.9759969e+000  1.7401510e+000  5.1143820e+000  1.9028092e+001 -1.0689967e-002 -7.5747212e+000 -9.4189632e-001  7.3558502e+000 -7.9032585e+000
  1.0883347e+001 -1.5549898e+001  3.9472491e-001 -6.0421123e+000  2.0591109e+001 -3.2978472e+000 -1.1978820e+001  2.2178020e+001  1.1535167e+001  2.1639554e+001 -2.6784407e+000 -1.2583786e+001 -1.4822101e-001  2.4450588e+001  1.2632042e+001 -1.5142599e+001 -7.7169413e-002 -8.0138117e+000 -2.3617395e+001 -1.1044906e+000 -1.5737631e+001 -1.2721685e+001  4.6766971e+000  1.0863858e+000  2.0192652e+001 -7.8761575e+000 -9.1660369e+000 -1.3698094e+000 -1.5133866e+001  2.0550081e+001  1.4457246e+001  3.8682983e-001
  1.3194304e+001  4.1148384e-002  1.4338680e+000 -2.9397123e+000 -5.1292708e-001 -4.9204279e+000  5.0754397e+000  8.4476837e+000  7.5166362e+000  1.0995034e+001  3.1871975e-003 -4.3402246e-001  2.0017093e+000  2.6456197e+000  5.5779179e-001  1.2025696e+000 -1.6752111e-001 -1.0560568e+000  1.3947046e+001 -1.8902638e+000  7.9833586e+000  8.7964118e+000  5.3100195e+000  3.0736649e+000 -1.0790610e+001  1.5155804e+000  3.0930186e+000 -5.3510561e-004  2.4088539e+000 -9.5310187e+000  3.7304325e+000 -2.6639814e+000
  3.7144077e+000 -1.3866332e+001 -7.4352223e+000  1.1298123e+000  4.6896543e-001  1.7740614e+000  2.5086099e+001  1.6371559e+001  2.0655612e+001 -7.8049997e-001 -1.4144583e-003 -1.4866346e+001 -5.9866443e-001 -6.4643401e+000 -3.9026469e-001  1.6648081e-001 -1.0660127e+000 -3.7662339e-001 -6.8051581e-001 -1.5852887e+001 -1.0057050e+001 -5.0127539e+000 -5.5959650e+000  5.9280008e+000 -1.8479132e+001  1.2247310e+000 -1.0018063e+001  4.4420190e-003  1.1434653e+000 -1.5571803e+001 -1.7865253e+001  2.8954576e+000
  2.0920981e+000 -1.0234527e+001 -3.0215580e+001 -1.2740120e+001 -1.3742345e+000 -6.7236134e+000 -3.0590496e+000 -1.1369902e+001 -7.4834527e-001 -2.8339603e+000  3.7338439e-002 -5.4262268e+000  3.7928823e+000  2.7372329e+000  1.5217579e-001  5.4517651e+000 -1.2331323e+000 -2.0764628e+000  3.9561139e+000 -4.6557261e+000  1.4217457e+001  7.9648208e+000 -3.4102907e+000 -6.8602138e+000  2.7702268e+000  1.4407300e+000 -1.1122189e+001  9.6467491e-003 -8.2345369e+000 -4.3587493e-001 -2.4336983e+000  7.6687505e+000
 -3.4208114e+000  2.9789744e+000 -5.6199102e+000 -7.5030373e+000  1.4478758e+000 -8.6637839e+000  9.6626081e+000 -2.6239485e+000  1.4803851e+000 -4.7003780e+000  2.2511937e+000  3.0322818e+000  3.3741347e+000 -1.0742108e+001 -1.1479472e+001  5.5890653e+000 -9.8341980e+000 -8.2838094e+000  1.6973317e+000 -2.5303705e+001 -1.0217875e+001 -6.1689535e+000 -6.3538368e+000 -4.9639256e+000 -3.8345319e-001  4.0468627e-001  1.6426908e+001 -1.1886183e-001  2.0629520e+001 -3.3140190e+000 -7.3025634e+000 -1.2503577e+001
 -1.1183201e+001  1.2365896e+001  2.6220891e+001  7.5908212e+000  4.0190475e+000  8.0442126e+000 -2.0334889e+001 -9.1711795e+000  1.1142950e+001  1.5974780e+001 -8.6564232e-002 -1.9136238e+001 -5.8642068e+000  6.5843573e+000 -2.3257962e+000 -2.6904311e+000  1.6028538e+000 -2.2197246e+000 -7.3860545e+000 -3.7845177e+000  2.3604009e+001 -2.1068910e+001  2.8390315e+000  5.7410594e-001  2.2089706e+000 -3.7505486e+000  1.6426691e+001  2.6192066e-002  4.3027351e+000  4.2650449e+000  1.9101572e+001 -6.5209521e+000
 -2.9046594e+000 -5.8564561e+000 -9.0398892e+000 -6.2730484e+000 -9.1582168e-001 -8.5371818e+000  1.1293733e+001  4.6457426e+000  8.3697023e-001 -7.3363154e+000  3.1121734e-002 -4.1675863e+000 -3.1954171e+000 -5.6054312e-001 -3.8158175e-001  3.9118086e+000  1.9477425e+000  3.0048076e-001  1.3328266e+001  4.5768406e+000 -9.0871951e+000 -7.7718702e+000 -4.1350047e+000 -3.7298094e+000  2.8890249e+000  2.5195696e+000  1.8855338e+000  1.0592272e-002 -2.1920899e+000 -3.0352554e-001 -3.7566487e+000 -2.0489556e+000
  4.3448429e+000  8.7936772e+000  4.1529526e+001  3.0367953e+000 -2.0454539e-001 -4.0917530e+000 -1.1503343e+001 -6.2178765e+000 -5.0567995e+000 -2.8594094e+000 -1.1693239e-001  3.0955628e+000 -7.6468050e-001 -5.2079332e+000  1.2823662e+000 -2.3020572e+000 -1.2358946e+000 -4.4864907e+000  2.3403216e+000 -4.9746912e-001 -8.1487405e+000  1.4952643e+000 -8.5924290e-001 -3.5375346e+000  8.3609672e+000 -4.6917533e-001 -2.3857709e+000 -1.3941687e-002 -9.5263340e+000  7.6188442e+000 -4.6552069e+000  1.9078385e+000
  2.9608236e+000 -7.5309396e+000 -2.9638156e+000  6.1247505e+000  3.3134526e+000  1.7365835e+001 -3.2064101e-001 -5.7543438e+000  4.6655548e+000 -7.9136427e+000  1.5235236e-001  8.8537283e+000 -4.2989635e+000 -2.5650132e+000 -1.5515121e+000  1.9000498e+000 -6.5542799e-002  8.7802270e-001 -1.7752444e+001 -2.0710102e+001 -9.1676256e+000 -1.3372469e+001 -6.7248302e+000  9.7701956e+000 -8.3872475e+000 -3.2028366e-001  1.2479815e+001  2.3552928e-002  2.3344620e-001 -3.7406146e+000  7.1708686e+000 -1.8265707e+000
  8.9661558e+000  4.3374739e+000  1.4506649e+000 -1.1780064e+000 -2.8650027e+000 -1.6162781e+001 -3.5145765e+001 -2.9681137e+001 -2.0706222e+000  7.8399900e-001 -5.6451924e-002  1.7625728e+001 -3.7649041e+000  1.4786466e+000 -3.4348391e-001  5.4987532e+000 -1.2939353e+000 -2.4976218e+000  2.8822832e+001 -1.0405225e+001  2.9905637e+001 -7.3240700e+000  3.1455908e+000  1.6332747e-002 -9.0026994e+000  4.6886033e-001  9.0164052e-001  4.2224598e-003 -6.1195847e+000 -7.0777620e+000  7.0167794e+000  1.0246461e+000
  5.3414058e+000  1.3641976e+001  1.7343529e+001 -9.3261981e+000 -2.0057299e+000 -6.2227614e+000 -8.2936962e+000 -3.2802673e+000 -1.1441091e+001 -1.0452940e+001 -6.8236399e-002 -1.5474920e+001  1.4810150e+000 -5.8996007e+000 -9.5812515e+000  7.9989366e+000 -4.1147321e+000  6.0540154e+000 -1.1243449e+000 -3.0462355e+000 -2.1664972e+001  1.2199880e+001  6.1480747e-001 -9.4673442e-001 -3.4542746e+000  3.9801954e-001 -1.1028142e+001 -3.0576797e-003  1.0250866e+001 -5.0615461e+000 -2.8396017e+001 -1.2522425e+001
 -3.1806274e+000 -3.9446187e+000  3.7544610e+000  2.1497311e+000  1.7619856e+000 -3.7862764e+000 -4.3293861e+000 -3.2965496e+000  1.5189717e+001  1.4027779e+001 -1.3856945e-002 -1.1726381e+001 -4.4510578e+000  1.2693786e+000 -5.7754844e-001  1.6555680e+000 -2.8835463e-001 -5.1733054e-001  7.7994228e+000 -8.6525185e+000  1.9559535e+001 -1.4141904e+001 -3.1858385e+000 -8.8221696e+000  1.4160079e+000  6.3267101e-002 -1.0246047e+001  2.5071420e-003  1.5725452e-002 -1.2382507e+000 -6.5265929e+000  5.6487996e+000
 -8.2920811e+000 -1.7663744e+001 -3.1103227e+001 -7.0022155e+000 -2.1820575e+000 -1.3870973e+001  1.4807861e+001  5.7400180e+000  3.3968128e+000 -7.3363172e+000  6.9323500e-003 -8.9094635e+000 -5.3788468e+000 -8.3549242e+000  4.4248779e+000  9.2265768e+000 -6.8702661e-001  3.9768486e+000  1.7818352e+001 -1.0760604e+001 -4.2829446e+000 -2.3585555e+001  4.6097177e+000  9.4141068e-001 -1.0051049e+001 -4.5127980e+000  1.0385602e+001 -6.5758025e-003 -9.2310129e+000 -8.3978270e+000 -4.8037151e-001 -7.7361764e+000
  1.1595076e+001  1.3933439e+001  1.2796542e+001 -2.1948183e+000 -3.3655081e+000 -5.3365386e+000 -1.1273593e+001  1.3159541e+000  2.8740472e+000  1.0975589e+001  2.8364348e-004 -4.0666274e+000  3.7862594e+000  8.4095615e+000 -2.7049578e-001  1.2671028e-001 -1.1096230e+000  2.6264393e-001  1.2381968e+001  3.8865282e+000  9.1380481e+000  1.3898266e+001  1.3545472e+001  3.2922422e+000  1.6583956e+000 -3.9751735e-001 -7.7865493e-002 -4.9257832e-004  7.0081742e+000 -1.2453736e+000  9.8832024e+000  8.3003274e-002
  1.2274033e+001 -6.1283875e+000 -2.3669867e+001 -3.6574635e+000 -3.6981454e+000  9.1331548e+000  8.3949116e+000 -1.4587453e+000 -1.9755283e+000 -1.2421789e+001  8.4096698e-003 -6.9260343e+000  5.3805352e+000 -2.6860898e+000 -5.5121033e-001  5.5712002e-001  7.8644960e-001 -2.9238011e+000 -1.2558629e+001  1.3663824e+000 -8.7659713e-001  2.3936300e+001 -4.2054098e+000  2.8675181e+000 -1.7432816e+000  2.5953601e+000  1.4917992e+001  3.6242328e-003  9.6988976e-001 -1.4624634e+000 -4.8820264e+000 -1.1809742e+001
