   7.4409973e-01
   2.3726797e-01
  -3.0654787e-01
   7.0127807e-01
   1.5383281e+00
   1.4602554e-01
  -9.5151335e-02
  -1.2541101e+00
  -1.5039547e-01
   1.2538565e+01
   2.5420186e-01
  -4.4124439e-01
  -5.2188302e-01
   8.6781355e-01
   1.6327449e-01
  -2.8963695e+00
   3.7849361e-01
  -1.4580075e-01
  -1.2489263e+01
  -6.0175125e-01
  -1.5815182e+00
   4.4112897e-01
   3.6611282e-01
  -3.7162612e-01
   2.6664107e-01
  -4.1625521e-01
   1.5858261e+00
   4.5333783e-01
   1.3013738e+00
   1.6125803e-01
   7.9532438e-01
  -4.8048815e-03
   6.4664668e-02
  -1.3229128e+00
   3.0421812e-01
   1.7614647e-01
   7.0727187e-02
   1.3469890e-01
   1.7452334e+00
   2.4185411e-01
  -8.9537895e-01
   3.6516884e-01
  -7.6033958e-03
  -2.8816196e-01
  -6.9892085e-02
   5.2730567e-01
  -6.2575766e-01
   6.1912254e-01
