0
0
0
0
0
0
0.000278579
0.000278579
0.000278579
0.000278579
0.000278579
0.000278579
0.000278579
0.000278579
0.000278579
0.000278579
0.000278579
0.000278579
0.000278579
0.000278579
0.000278579
0.000278579
0.000278579
0.000278579
0.000278579
0.000278579
0.000278579
0.000278579
0.000278579
0.000278579
0
0
0
0
0
0
0
0
0
0
0
0
0
0
0
0
0
0
0
0.0014405
0
0
0
0
0
0
0
0
0
0
0
0
0
0
0
0
0
0
0
0
0
0
0
0
0
0
0.000778083
0.000778083
0.000778083
0.000778083
0.000778083
0.000778083
0.000778083
0.000778083
0.000778083
0.000778083
0.000778083
0.000778083
0.000778083
0.000778083
