  2.5500000e+002  0.0000000e+000  0.0000000e+000
  0.0000000e+000  2.5500000e+002  0.0000000e+000
  0.0000000e+000  0.0000000e+000  2.5500000e+002
  2.5500000e+002  2.5500000e+002  0.0000000e+000
  1.2800000e+002  0.0000000e+000  0.0000000e+000
  2.5500000e+002  1.2800000e+002  0.0000000e+000
  7.6000000e+001  8.4000000e+001  5.0000000e+001
  1.4100000e+002  2.3000000e+001  1.2000000e+001
  2.0000000e+002  1.4000000e+001  6.5000000e+001
  6.7000000e+001  1.9000000e+002  1.5000000e+002
  1.6900000e+002  1.3000000e+002  2.2000000e+002
  1.8000000e+002  5.0000000e+001  1.9000000e+002
  0.0000000e+000  0.0000000e+000  0.0000000e+000
  0.0000000e+000  0.0000000e+000  0.0000000e+000
  0.0000000e+000  0.0000000e+000  0.0000000e+000
  0.0000000e+000  0.0000000e+000  0.0000000e+000
  0.0000000e+000  0.0000000e+000  0.0000000e+000
  0.0000000e+000  0.0000000e+000  0.0000000e+000
  0.0000000e+000  0.0000000e+000  0.0000000e+000
  0.0000000e+000  0.0000000e+000  0.0000000e+000
  0.0000000e+000  0.0000000e+000  0.0000000e+000
  0.0000000e+000  0.0000000e+000  0.0000000e+000
  0.0000000e+000  0.0000000e+000  0.0000000e+000
  0.0000000e+000  0.0000000e+000  0.0000000e+000
  0.0000000e+000  0.0000000e+000  0.0000000e+000
  0.0000000e+000  0.0000000e+000  0.0000000e+000
  0.0000000e+000  0.0000000e+000  0.0000000e+000
  0.0000000e+000  0.0000000e+000  0.0000000e+000
  0.0000000e+000  0.0000000e+000  0.0000000e+000
  0.0000000e+000  0.0000000e+000  0.0000000e+000
