  -2.9315878e-03   5.2079695e-04   3.2109003e-03   1.6490229e-02   3.3927989e-02  -7.8559828e-02  -1.8915845e-01   1.0115528e-01  -1.8577064e-01   2.6039848e-01
   2.0460202e-02   4.5416844e-04   6.5310195e-03   4.5649319e-02   2.0376549e-01  -2.2195134e-01   4.7304318e-02  -5.2440851e-03  -4.4047683e-02   2.2708422e-01
   2.9003691e-01  -5.7221654e-05  -8.8917159e-02  -1.5866853e-01   3.6078938e-01  -1.4070582e-01   3.4109035e-02   3.9077790e-02  -2.9322129e-01  -2.8610827e-02
  -1.5498874e-02  -6.3765301e-04  -2.4342251e-01  -2.4900367e-01  -1.0997816e-01  -3.5151315e-01   1.4880929e-01  -5.1210715e-01  -4.8855631e-01  -3.1882650e-01
  -5.7551807e-02  -1.4890989e-04  -2.2178685e-02  -2.4556565e-02  -2.0998288e-01  -2.9437444e-01   5.5469702e-02   1.3274861e-02  -1.1271232e-02  -7.4454943e-02
   4.0957847e-03  -5.3189325e-04  -5.2541648e-01  -7.5691585e-01   4.7425047e-01  -3.9065991e-03   6.4371181e-01   2.8595327e-02  -1.1068559e-01  -2.6594662e-01
   5.5472856e-04  -6.0577946e-04   3.3559288e-01   2.9161588e-01   4.0731820e-01  -1.0861177e-01  -5.9316829e-02  -1.6742380e-02  -4.7164508e-03  -3.0288973e-01
  -2.8849099e-03   4.0076134e-04   8.9637339e-03   4.0938405e-03  -4.2106691e-02   1.4113293e-01   1.6206028e-01   1.1661360e-01  -1.1673266e-01   2.0038067e-01
  -8.5708125e-02  -5.0928364e-04  -2.4748247e-01  -1.8510777e-01   1.2108797e-01   1.3974878e-01  -6.4597829e-02   4.1785420e-03   4.8454091e-02  -2.5464182e-01
  -4.7960801e-02   1.2225511e-03   2.1950831e-03   2.3208998e-02  -5.3481275e-02  -1.3267630e-01  -2.1795356e-01  -9.5171059e-02   1.4570691e+01   6.1127554e-01
   2.9350752e-02  -3.7289635e-04  -6.6806832e-03  -2.1770016e-02   4.0806746e-02   1.2411438e-01   9.8207085e-02   2.2423027e-01   1.6003099e+00  -1.8644817e-01
   1.7740145e+01   8.9812657e-05   2.9991947e+00  -6.0211878e+00   2.2222725e+00  -1.9273316e+01  -2.0574714e+01   1.4847062e+01  -4.4868529e+00   4.4906328e-02
   2.1680523e-02   4.1395647e-05  -1.6898039e-01  -2.5360449e-01  -5.6001631e-01   1.4770458e-01   2.2298290e-01   3.3529396e-02   2.9830296e-03   2.0697824e-02
   1.0151377e-01  -2.1738206e-04   9.2707477e-02   4.6763295e-02   8.8298114e-02  -1.5120150e-01  -5.2075136e-01   5.5677013e-01  -4.2080228e-01  -1.0869103e-01
  -9.0240741e-02   1.1105093e-04  -2.6510900e-02  -2.7148413e-03  -1.4831402e-01  -6.6042394e-01   4.9428642e-01   4.7483579e-02  -4.8274233e-02   5.5525467e-02
  -3.5708725e-02  -1.2426620e-04  -1.0502994e-02  -3.1219114e-02   1.7270858e-01   2.9549602e-01   1.9005091e-02   8.3276657e-01  -8.1996939e-01  -6.2133101e-02
  -1.3470866e-01   3.8025485e-04  -3.8793797e-03   7.5545857e-03   6.0019693e-01   1.3885670e-01   1.8980760e-01   2.7095390e-02  -3.6563779e-02   1.9012743e-01
  -7.1243198e-03  -8.0485078e-05  -1.2889810e-01  -1.2462693e-01   1.0340417e-01  -1.2659592e-01   1.7721226e-03   9.7893407e-03  -3.3432934e-02  -4.0242541e-02
   5.0223335e-01  -7.7231570e-04  -8.5634660e+00  -3.9715024e+00   5.8569466e+00   1.9253500e+00  -7.6501583e+00   6.7970896e+00  -8.6007990e+00  -3.8615785e-01
  -1.0483342e-01  -4.5050580e-04  -1.2653806e-01  -1.1149520e-01  -1.9014554e-01  -3.6364864e-01  -1.0225248e-01  -7.9988945e-03  -6.2319462e-02  -2.2525290e-01
  -2.9882651e-01   3.5149392e-04   6.4715784e-02   8.3252149e-02  -1.3192066e-01   2.6305069e-01   2.8970057e-01   6.1894917e-02  -5.8862968e-02   1.7574696e-01
  -4.8034492e-01  -3.6133707e-04   2.5855135e-01   2.5604477e-01  -3.5729294e-01   2.7195738e-01  -1.5077034e-02   1.3370222e-02   5.5346237e-02  -1.8066853e-01
   7.3155479e-02   1.1253673e-04   1.5985325e-01   1.6418661e-01   6.5940017e-02   1.6761671e-01  -8.1601593e-02   9.2014584e-03   7.8588906e-02   5.6268368e-02
  -7.6812371e-03  -3.5185224e-04  -2.7169238e-01  -2.8025139e-01  -5.9295261e-02  -3.5897935e-01   2.6500494e-01  -5.6946815e-01   2.4381998e-01  -1.7592612e-01
  -2.5348351e-03   3.5980960e-04  -1.5784891e-02  -1.2577183e-02   2.0500324e-02   9.1628840e-02   2.2174517e-01   4.5662122e-01   5.0940699e-01   1.7990480e-01
   7.4669480e-01   1.3326341e-05   8.8818220e-02  -2.8067881e-01   9.3558813e-02  -1.8003910e-01   6.0394542e-02  -6.7923924e-03  -3.4487225e-02   6.6631694e-03
  -6.7948244e-02  -8.3338283e-05  -5.4932665e-03  -9.0214585e-02   2.4115705e-01  -1.2846795e-01  -4.5055316e-01  -3.9345884e-02   8.0109801e-02  -4.1669141e-02
   1.1350811e-02   1.2690314e-04  -7.5355870e-02  -9.4015252e-02   3.4521190e-01   1.9484259e-01   1.7602118e-01   2.3212034e-02  -3.3114635e-03   6.3451573e-02
   3.3037052e-01   1.0237728e-04   1.2788750e-01   2.0820149e-01   5.2955457e-02  -5.6512112e-02  -2.1543985e-01  -2.0389605e-02   2.6434155e-02   5.1188640e-02
  -3.8827154e-02  -3.4168191e-04   9.9475410e-02   1.5067337e-01   2.2645091e-01  -2.0356258e-01   1.8465107e-01   1.8195610e-02  -5.0500367e-02  -1.7084095e-01
  -7.0898730e-01   3.4228007e-04   2.3185749e-01  -1.7025636e-01  -1.4250052e-01   5.7386649e-03   9.1981856e-02   7.6008254e-03  -1.2007388e-02   1.7114004e-01
  -1.8552040e-01   3.7037121e-05  -1.0623001e-01  -8.2578881e-02  -2.7777792e-01  -1.9861884e-01   2.2838223e-01   3.1290918e-02   1.2758102e-02   1.8518561e-02
   1.1091256e-02  -4.2600567e-04   2.5125969e-01   2.9225600e-01  -1.1312057e-01   1.5185436e-01   1.3712282e-01   1.4483085e-02  -2.7002026e-02  -2.1300284e-01
   1.0261420e-01  -1.0235847e-04   4.0271393e-01   4.6119798e-01   2.2387226e-01   2.2836918e-01  -1.8534472e-01  -6.2084179e-03   6.6547162e-02  -5.1179236e-02
  -8.2008382e-02   6.3841193e-05  -1.7252298e-02   2.4516928e-02  -1.5150800e-01   2.0635758e-01  -2.9299443e-01  -1.6211995e-02   8.0942977e-02   3.1920597e-02
  -5.0462240e-02  -1.3423531e-04  -2.1026578e-01  -1.9261012e-01  -7.0147402e-02  -2.6140616e-01   2.8686386e-01   2.5390640e-02  -2.9459696e-02  -6.7117657e-02
   3.8209096e-02   1.9231413e-05  -4.4332764e-02  -4.4689679e-02   5.5186356e-02   7.6633727e-02  -4.1884863e-02   2.6925292e-01   3.9572004e-01   9.6157062e-03
   7.0728352e-02  -6.3375083e-05   2.5159574e-02   1.6809142e-02   9.3107431e-02   6.0846657e-02  -1.0245179e-01   2.5594818e-01   3.7825117e-01  -3.1687541e-02
   1.1060816e-03  -5.4484606e-05   6.0521552e-01   4.9263406e-01   8.4617172e-02   2.3957080e-01  -4.1656100e-02  -3.8960498e-02  -2.9934846e-02  -2.7242302e-02
  -3.1788149e-01  -4.6864752e-04  -2.1639094e-01  -1.8028220e-01  -1.9755283e-01   5.4698434e-02   1.1146347e-01   1.2471348e-02  -3.4308268e-03  -2.3432376e-01
   4.8310695e-02  -1.1883883e-04   7.3363906e-04   5.7617644e-02  -5.3437398e-01  -5.2585411e-01   3.3808932e-01  -7.4849707e-03   1.4010032e-01  -5.9419413e-02
   5.1567402e-01  -3.1682719e-04  -1.1053511e-01   2.6309861e-01  -7.0363560e-02   9.7325514e-02  -9.3422173e-02  -8.8411972e-03   3.4130583e-02  -1.5841359e-01
   3.2183103e-01   4.3799931e-04   9.4915750e-02  -3.7959678e-01   7.2660527e-04  -3.7875139e-02   8.5991167e-02  -1.3505814e-03  -3.9121007e-02   2.1899965e-01
   1.9484350e-02  -2.5531790e-04   1.0871875e-02   1.5702156e-02  -3.2285025e-02  -1.8692921e-01  -6.8853289e-02  -5.0247563e-01  -5.2557530e-01  -1.2765895e-01
   3.6361153e-02   5.8242169e-04  -2.8118782e-01  -3.1690846e-01   2.7179450e-01  -1.3264507e-01  -1.1724244e-01  -1.7824905e-02   3.5974784e-04   2.9121085e-01
  -4.7923363e-01   3.1654742e-05  -7.0121310e-03  -1.6919646e-01  -1.4220179e-01   6.5537124e-03   9.1648256e-02   6.7667732e-03  -9.9089462e-03   1.5827372e-02
   7.4700628e-01  -3.8531121e-04   9.5682175e-02  -3.3795154e-01  -1.8223873e-01  -2.8894651e-02   2.0053369e-01   1.3779941e-02  -3.4405521e-02  -1.9265561e-01
  -4.4727842e-02   8.2287684e-05   8.5291889e-04   1.2231784e-02  -5.6325903e-02  -4.3757341e-02  -1.4778439e-01   3.2819581e-02   3.8242633e-01   4.1143841e-02
