 -4.7893359e+001  1.7312963e+002  1.0383038e+002
 -4.8683402e+001  1.7386720e+002  1.0304294e+002
  4.0035487e+002  8.6284246e+001  1.0704399e+002
  3.4708559e+000  4.4323532e+002  1.1730579e+002
  3.1196494e+002  4.7404699e+002  2.1741012e+001
  1.4158552e+002  6.2817593e+001  1.2184522e+002
  3.6472310e+002  1.9211792e+002  1.2778557e+002
  2.5706029e+001  2.7306764e+002  1.1503765e+002
  9.0801585e+001  2.6668752e+002  1.3831666e+001
  1.9210294e+002  2.0889087e+002  1.7948352e+001
 -4.7870011e+001  4.3353649e+001  2.6435695e+001
 -1.2124617e+002  3.4225024e+002  2.2739582e+001
  2.3665420e+002  3.2079093e+002  1.2410490e+002
  1.6212289e+002  1.2606585e+002  2.1455310e+001
  5.0965283e+001  2.2693849e+002  1.8011231e+001
  2.3501615e+002  4.2083410e+002  6.5151627e+001
 -1.6546992e+002  4.7303804e+002  1.0789476e+002
  3.9780728e+002  2.9557482e+002  1.3826733e+001
  1.6186571e+002  1.5400076e+002  1.2228377e+002
 -1.5014417e+002  2.1795998e+002  1.8269935e+001
  3.9388076e+001  3.9793506e+002  9.6617543e+001
 -8.7010940e+001  3.6648015e+002  1.1507648e+002
  5.5056097e+001  1.3164947e+002  3.5634626e+001
  2.9246089e+002  1.3814250e+002  1.1440884e+002
  1.8618687e+002  4.8264935e+002  1.6368719e+001
  3.7066884e+002  3.6504523e+002  5.3980362e+001
 -9.3651451e+001  3.6171063e+001  1.2589248e+002
  2.7241350e+002  2.5055433e+002  2.8880537e+001
 -1.3084411e+001  3.2151589e+002  2.7857391e+001
 -5.7399686e+001  4.7665565e+002  5.0901683e+001
  1.9898893e+002  3.6751360e+002  2.8483131e+001
  9.5212052e+001  1.9955875e+002  1.2303257e+002
  3.9596418e+002  1.9665747e+002  2.5455007e+001
  2.8058552e+002  1.0708543e+002  2.9405592e+001
  2.7478423e+002  4.8401350e+002  1.2602886e+002
  1.4208336e+002  3.9715527e+001  3.6839170e+001
  1.2485462e+002  3.4913651e+002  1.1622999e+002
 -1.9966686e+001  1.1493084e+002  1.2865937e+002
 -1.4824244e+002  2.5466074e+002  1.2580542e+002
  1.5291957e+002  2.7497690e+002  3.0704678e+001
  3.9561692e+002  1.5194670e+002  9.7492113e+001
 -2.5228271e+001  2.2862129e+002  7.0619639e+001
 -7.7776066e+001  4.1134723e+002  9.6822239e+001
 -1.5753764e+002  1.8133808e+002  1.1768833e+002
  1.7829245e+002  4.0156546e+002  1.2015518e+002
  3.1879184e+001  4.7003504e+002  3.1680095e+001
  5.6281451e+001  3.5271724e+002  3.1264335e+001
  1.9382962e+002  4.8760707e+001  7.8046509e+001
 -1.6615652e+002  3.8328387e+002  4.2265097e+001
  3.9554748e+002  4.8380042e+002  9.6391692e+001
  2.4448500e+002  2.2864128e+002  1.3602553e+002
  3.1723449e+002  3.6292384e+002  4.5930503e+001
  7.8217277e+001  3.7165188e+001  7.6615593e+001
 -1.5161863e+002  1.1374531e+002  3.2616983e+001
 -4.5157413e+001  3.1543845e+002  1.2740833e+002
  2.5352200e+002  3.8287065e+002  1.0767888e+002
  3.9586772e+002  4.5739791e+001  1.7075301e+001
  1.5605903e+002  1.7323717e+002  4.7637654e+001
 -5.8253362e+000  1.3586204e+002  7.3305534e+001
  3.1193312e+002  4.3093879e+002  8.7270964e+001
  1.1766694e+001  1.4428672e+002  1.9461531e+001
  7.6799327e+001  4.7620972e+002  7.7956146e+001
 -1.6040705e+002  3.1515445e+002  1.0579381e+002
  3.2143283e+002  3.8519347e+001  9.5283608e+001
  3.9616798e+002  3.7802778e+002  1.0778898e+002
  3.6255194e+002  2.1002115e+002  6.1509117e+001
  3.0058516e+002  3.2945021e+002  1.1877107e+002
  1.8796625e+002  4.4290138e+001  2.7986602e+001
  1.5026386e+002  2.5318658e+002  1.2290477e+002
 -1.3702103e+002  1.3126765e+002  1.2118190e+002
 -1.6028194e+002  2.6058266e+002  4.1157921e+001
  3.2310714e+002  2.4729672e+002  1.2252647e+002
  9.3503260e+001  3.3578680e+002  7.1181681e+001
  8.5338771e+001  3.9754939e+001  1.2927126e+002
 -1.1967764e+002  4.8184087e+002  6.8986631e+001
  3.5988974e+002  4.8620315e+001  6.2877045e+001
 -8.6381124e+001  1.1566376e+002  3.8055749e+001
  2.7930699e+002  3.6132281e+001  5.3458320e+001
  1.3840138e+002  4.4484735e+002  9.5682239e+001
 -1.5409931e+002  1.6444394e+002  4.6281485e+001
  7.4714305e+001  1.9357004e+002  7.2270924e+001
 -3.3379432e+001  3.6088031e+002  3.5226841e+001
  2.1680453e+002  2.3633305e+002  6.1460163e+001
  3.8422465e+002  3.3563625e+002  1.2326037e+002
  4.0067230e+002  4.8454057e+002  3.0506262e+001
  1.0477703e+002  1.1360154e+002  7.7371831e+001
  2.5583943e+002  4.7735547e+002  4.7786173e+001
  1.1585380e+002  4.2468885e+002  1.2755589e+002
 -1.1789756e+001  4.6895481e+002  8.3629723e+001
  1.7894632e+002  4.7393824e+002  1.4119483e+002
  4.8423976e+001  7.7992249e+001  1.2909916e+002
 -1.5253416e+002  3.1455661e+001  8.9787667e+001
 -1.3691378e+002  3.8276307e+002  1.0050266e+002
 -3.4165217e+001  2.4046943e+002  2.5090151e+001
  4.0349775e+002  2.2052231e+002  6.4698200e+001
 -7.7418084e+001  2.4911036e+002  1.2023311e+002
  4.4068702e+001  1.2234842e+002  1.1722151e+002
  1.7999382e+002  3.2740030e+002  8.8045156e+001
  1.2589476e+002  2.1374668e+002  6.5785445e+001
  6.0697707e+001  2.5394683e+002  6.3957074e+001
 -7.7303404e+001  4.7803116e+002  1.1028800e+002
  1.9123276e+001  4.9164075e+001  3.6443149e+001
 -9.2362450e+001  2.3136765e+002  5.8791435e+001
  9.7194552e+001  4.4998036e+002  2.5202549e+001
  2.3622908e+002  4.8265269e+001  1.3270867e+002
  3.7824574e+002  4.2894743e+002  7.7832249e+001
  2.2885964e+002  1.3620320e+002  9.3888416e+001
  3.7302687e+002  3.0010594e+002  1.1583205e+002
  3.4814158e+002  1.1521759e+002  1.6482618e+001
  3.9729279e+002  3.9037414e+001  8.0305471e+001
 -7.0048011e+001  3.5551543e+002  6.3754739e+001
  2.9153339e+002  3.7807489e+002  2.5744524e+001
  1.1815674e+002  3.7829977e+002  2.3595011e+001
 -5.8786417e+001  5.2223995e+001  8.8916016e+001
  6.2535568e+001  3.3183265e+002  1.0585898e+002
  3.2629994e+002  1.7405308e+002  6.3689907e+001
  1.2979788e+001  2.0003756e+002  5.6210934e+001
 -3.0765410e+000  3.1724502e+002  6.4530250e+001
 -8.2062879e+001  4.4019259e+002  2.5632065e+001
  2.7388574e+002  2.8431194e+002  8.7964280e+001
  2.3983730e+002  4.2446035e+002  1.0805887e+002
  2.6254933e-001  3.6399547e+002  1.2966937e+002
  3.2617708e+002  1.0902884e+002  9.5091272e+001
  6.9394205e+001  5.6261027e+001  2.5467784e+001
  3.9458139e+002  3.0614892e+002  6.1607674e+001
 -1.4384896e+002  7.8656879e+001  1.1144259e+002
  1.9316073e+002  2.5894641e+002  2.7954764e+001
  3.5810036e+002  4.3588578e+002  1.1697737e+002
  1.1820703e+002  1.1924277e+002  1.3296665e+002
  1.9372172e+002  2.0189631e+002  9.6503235e+001
  2.5854208e+001  4.2132358e+002  4.3396334e+001
 -1.1618687e+002  9.0432648e+001  3.7310961e+001
 -1.0182031e+002  3.0465606e+002  8.5864784e+001
  1.8620439e+002  4.2748125e+002  7.7634613e+001
  2.6657540e+002  3.0685199e+002  3.2913003e+001
  2.7795170e+002  4.3479835e+002  2.7247001e+001
  2.0396416e+002  4.5975386e+001  1.2202484e+002
  3.8296739e+002  9.7092570e+001  5.1703350e+001
 -1.5015577e+001  2.6281651e+002  8.9040797e+001
 -7.7010291e+001  1.5258860e+002  2.8529393e+001
  2.5394075e+002  1.2746733e+002  1.2892356e+002
  2.4516363e+002  1.4542239e+002  2.0692010e+001
  2.4687642e+002  2.1776424e+002  8.2325843e+001
  3.9037391e+002  4.5254872e+002  5.4620040e+001
 -3.0239435e+001  8.4614578e+001  2.7034685e+001
  3.2711211e+002  4.7305839e+002  1.1545786e+002
  3.2753168e+002  3.6498259e+002  1.2126123e+002
  1.3988924e+002  3.2179410e+002  5.0967016e+001
  2.3360395e+002  8.0854756e+001  2.9834573e+001
 -1.0322606e+002  3.8098612e+002  2.7804745e+001
  8.9557577e+001  1.8294316e+002  2.3677512e+001
  5.1599433e+001  4.4405110e+002  1.2599451e+002
 -1.0431604e+002  4.4001364e+002  1.1080243e+002
  3.4791361e+002  4.0961712e+002  2.8985897e+001
  1.8810398e+002  2.7130629e+002  1.2238940e+002
  4.0333129e+002  2.4860649e+002  1.2477959e+002
 -1.0339177e+002  1.0193513e+002  1.2112396e+002
 -4.9087682e+001  4.2972395e+002  5.7484326e+001
  8.4862274e+001  2.5492954e+002  1.1025035e+002
  2.3847584e+002  4.6358532e+002  9.7136947e+001
 -4.6093926e+001  3.0563228e+002  6.3536792e+001
 -1.2473181e+002  4.7258313e+002  1.3019710e+002
 -8.5848354e+000  3.8662036e+001  1.2760994e+002
 -1.1618569e+002  4.2820387e+001  7.8106470e+001
 -1.5907803e+002  2.1565256e+002  7.1546425e+001
  3.2373843e+002  2.7697047e+002  6.2160667e+001
  2.8848731e+002  2.0541364e+002  7.8956960e+001
  2.4635149e+002  3.4512042e+002  3.9008120e+001
 -1.6361582e+002  3.1535434e+002  2.9821191e+001
  1.6091362e+002  2.5598147e+002  7.2415903e+001
  9.4157787e+001  3.6736883e+002  1.1396826e+002
 -1.0338977e+002  1.9799582e+002  1.1613899e+002
 -1.6743633e+000  4.9472116e+001  8.7088466e+001
 -1.4463034e+002  3.8714779e+001  2.2827372e+001
  4.1812800e+001  1.7241064e+002  8.8031483e+001
  1.0423568e+001  3.8231699e+002  3.0378501e+001
  1.5546627e+002  4.2305762e+002  2.7217334e+001
  3.0901014e+002  3.2664422e+002  3.7640014e+001
 -1.0808186e+002  1.6673060e+002  5.4984751e+001
 -4.3094570e+001  3.7313251e+002  1.1604949e+002
  3.9181098e+002  6.9872240e+001  4.0339272e+001
  1.1316523e+002  8.2561298e+001  4.5163644e+001
  3.8194278e+001  1.7770867e+002  2.1817814e+001
  3.8612254e+002  1.4420420e+002  6.4678908e+001
 -2.6109696e+001  2.7168274e+002  1.2027361e+002
  2.4935678e+002  3.1376684e+002  9.2297266e+001
  4.1069263e+001  3.6359288e+002  6.7294290e+001
  2.7617965e+002  3.7775166e+002  6.8456890e+001
 -1.3465913e+002  4.5342495e+002  2.1427335e+001
  1.3602351e+002  4.8085863e+002  7.0596956e+001
  1.2740007e+002  1.7830109e+002  2.7388054e+001
  1.4000187e+001  1.0529677e+002  3.5340563e+001
 -2.9369274e+001  2.1473513e+002  1.1867059e+002
  3.4179785e+002  3.1733344e+002  2.1932723e+001
  2.7770849e+002  1.0211978e+002  7.7445670e+001
  4.2055995e+001  2.7990597e+002  3.0969971e+001
  2.8693357e+002  1.8866487e+002  1.2471757e+002
 -1.4934239e+001  4.5876573e+002  2.1517736e+001
  3.1469766e+002  2.4938570e+002  8.3657123e+001
  2.1531238e+002  4.3931613e+002  2.3451437e+001
  1.9521959e+002  3.5058138e+002  1.1001340e+002
  1.9555210e+002  9.4198016e+001  4.3433257e+001
 -1.2498477e+002  2.4518581e+002  7.1499369e+001
  2.8060224e+002  4.0404015e+001  1.1543917e+002
  1.6407246e+002  1.1488003e+002  1.0277945e+002
  2.7977175e+002  1.7753985e+002  3.4953857e+001
  1.2120338e+002  3.4477962e+002  2.8468483e+001
  3.8879194e+002  2.1935761e+002  8.5239036e+001
  3.3341919e+002  4.0495728e+002  1.2173791e+002
  3.4209266e+002  4.5048477e+002  2.9689869e+001
  2.8692938e+002  7.3185983e+001  2.9643916e+001
  1.9222461e+002  3.1080732e+002  3.6057895e+001
 -6.6383609e+001  2.8330172e+002  2.3251516e+001
  3.9973151e+002  3.7426141e+002  3.4176639e+001
  1.0595562e+002  6.8692880e+001  1.2036588e+002
 -5.5641829e+001  1.9163147e+002  4.1349311e+001
  4.0076701e+001  3.4574863e+002  1.2957361e+002
  3.5704152e+001  4.8095305e+002  1.0480297e+002
  2.2783757e+002  1.7289667e+002  7.3318971e+001
  1.6952024e+002  4.3907658e+002  9.5801059e+001
 -1.4710822e+002  3.6373123e+002  1.3434282e+002
  1.0432167e+002  2.7958775e+002  5.2504219e+001
 -1.1026242e+002  3.4260235e+002  6.9018944e+001
  2.2841617e+002  4.7685447e+001  8.6531683e+001
  5.6515144e+000  1.4334760e+002  1.0958715e+002
 -1.2224045e+002  1.0934428e+002  8.5460498e+001
  3.3841237e+002  4.3311008e+001  1.3347181e+002
  2.2511021e+002  4.5996900e+002  1.2229838e+002
  1.7331024e+002  2.1494128e+002  1.3271616e+002
  3.6046033e+002  1.3112715e+002  1.1609123e+002
 -2.9762980e+001  4.5239568e+002  1.2635355e+002
  1.0096236e+002  4.4446181e+002  7.9249968e+001
 -1.2482601e+002  3.0272289e+002  3.0540090e+001
  3.2020361e+001  2.3082545e+002  1.2669295e+002
  5.4599995e+001  3.0840685e+002  6.2583225e+001
  3.9845704e+002  2.5348747e+002  3.6654116e+001
 -1.0073909e+002  4.5807118e+002  5.3077668e+001
  3.3688910e+002  3.1543054e+002  1.2045032e+002
  3.8057968e+002  1.5140651e+002  2.6669102e+001
  3.3081975e+002  1.7632300e+002  1.2141598e+002
  2.6820186e+002  4.2661294e+002  1.2544718e+002
 -5.2062261e+001  9.8550792e+001  8.6649833e+001
 -1.5772608e+002  1.3872906e+002  8.8088811e+001
  1.2002006e+002  2.0060874e+002  9.5051874e+001
  2.2354652e+002  1.8466289e+002  2.9877828e+001
  3.0636575e+002  2.3940095e+002  2.8577360e+001
  1.0077759e+002  1.0632540e+002  3.0837965e+001
 -1.2369526e+002  4.1026320e+002  4.8867608e+001
 -1.6653536e+002  4.4313340e+002  1.2415632e+002
  2.4404365e+002  3.4951121e+002  8.5298666e+001
  4.5126307e+001  1.6598645e+002  1.2240323e+002
 -1.5548504e+002  2.9948507e+002  5.4415044e+001
 -4.5775773e+001  1.9446392e+002  1.3334077e+002
 -1.5427057e+002  4.2911154e+002  4.1469079e+001
  3.0224231e+002  4.7800219e+002  6.9275878e+001
  1.2377053e+002  4.6236895e+002  3.6048957e+001
  3.9411911e+002  1.0812635e+002  1.2710911e+002
 -8.1150487e+001  5.5506850e+001  2.6591107e+001
  3.6210163e+002  2.3334363e+002  2.3602158e+001
 -2.2415962e+001  3.9912775e+002  3.4820953e+001
  2.7048729e+002  2.5517851e+002  1.1632059e+002
  3.8525259e+002  4.3476653e+002  1.3126053e+002
 -1.5167195e+002  4.6549087e+001  1.2042850e+002
  3.5348408e+002  5.3680932e+001  2.8242198e+001
  3.8902323e+002  4.1079403e+002  2.2400600e+001
 -1.5886652e+002  8.7631463e+001  5.2663871e+001
  3.7085759e+002  3.9578849e+002  1.2207493e+002
  1.0409296e+002  4.7119597e+001  3.9263882e+001
 -2.7306328e-001  2.7522309e+002  4.9826633e+001
  3.9364084e+002  3.3457193e+002  8.5316326e+001
  2.0652218e+002  4.6891481e+002  1.1848135e+002
  9.4707795e+001  4.6945029e+002  1.2679374e+002
  6.5142030e+001  3.8895210e+002  1.9137217e+001
 -2.3639893e+001  3.9129425e+002  1.1586078e+002
  1.8305463e+002  3.7727214e+002  6.5477981e+001
  1.4775327e+002  3.2109024e+002  1.1776808e+002
  1.9239463e+002  1.5384820e+002  5.3258789e+001
 -3.8174132e+001  1.4875771e+002  3.2164490e+001
  2.7420299e+002  4.6200241e+002  1.2375261e+002
  1.6086858e+001  7.9235531e+001  9.8830891e+001
  1.6859386e+002  1.7788288e+002  1.0605241e+002
  2.5479361e+001  4.7083271e+002  8.6046233e+001
 -1.7880199e+000  3.0922888e+002  1.1449806e+002
  2.6418368e+002  4.6730247e+002  2.0939661e+001
  2.7309737e+002  5.8978263e+001  1.2546358e+002
  1.4778556e+002  3.8028372e+002  1.1211597e+002
 -1.5104821e+002  4.7533066e+002  4.2625223e+001
 -1.1586497e+002  2.7567227e+002  2.7315660e+001
  2.4249946e+002  2.3583006e+002  2.2173163e+001
 -1.2076892e+002  1.7078212e+002  1.9792654e+001
 -4.8506365e+001  4.6369472e+002  1.0394466e+002
  6.6748361e+001  2.3801859e+002  1.1894928e+002
  2.5612249e+002  1.0051394e+002  1.0503486e+002
 -7.9559655e+001  2.7361973e+002  9.4063529e+001
  6.5723349e+001  4.6753903e+002  1.8128440e+001
 -4.2695911e+001  4.6480456e+002  2.0017954e+001
  3.8468734e+002  1.7154401e+002  1.2129195e+002
  1.7586261e+002  2.7393911e+002  3.9146482e+001
  3.3602543e+002  1.0635776e+002  5.9721480e+001
  3.6572455e+002  4.7415151e+002  2.0371798e+001
  4.0172068e+002  4.8541950e+001  1.1827574e+002
  1.0924172e+002  1.4445682e+002  4.9979376e+001
  3.8669043e+002  1.7406167e+002  5.9068118e+001
  1.2904062e+002  3.9804540e+002  4.5307128e+001
  2.2036952e+002  3.7462162e+002  1.2130631e+002
 -4.7504989e+000  6.6336959e+001  2.9362133e+001
  3.2971582e+002  9.5159146e+001  1.2799468e+002
 -1.3807761e+002  4.1827911e+002  9.3674047e+001
  8.8128658e+001  2.9145742e+002  2.7275034e+001
  3.5620803e+002  4.7302550e+002  9.0217191e+001
  2.9264573e+002  4.3385397e+002  5.8597805e+001
 -8.2843641e+001  1.5301333e+002  1.2199692e+002
  3.4153509e+002  2.0086945e+002  3.3005262e+001
 -2.2282062e+001  3.0625711e+002  1.2644291e+002
 -1.5257369e+002  2.8173236e+002  1.2472303e+002
 -1.3026920e+002  3.2941416e+002  1.3634492e+002
  2.5263972e+002  5.3756384e+001  4.5586598e+001
  3.7391523e+002  2.6648160e+002  1.2288692e+002
  1.9649619e+002  7.9948367e+001  7.0251148e+001
  1.6468387e+002  4.7194119e+002  1.1176073e+002
  1.9364926e+002  4.7198085e+002  4.9131674e+001
  8.2713962e+001  1.4370158e+002  1.2037529e+002
 -1.4280248e+001  2.1683935e+002  4.0900666e+001
  1.5441428e+002  2.0662581e+002  2.9339322e+001
  2.2089774e+002  2.6397858e+002  3.3951214e+001
  3.4647660e+002  3.6259358e+002  4.8742262e+001
  6.2424776e+001  3.9122524e+002  1.2300035e+002
  3.9661935e+002  4.7027882e+002  1.2716381e+002
  1.7584407e+002  4.7829171e+001  1.1528545e+002
 -3.6658654e+001  2.9642858e+002  2.1633226e+001
  2.9474051e+002  4.1951502e+002  1.0825424e+002
  3.8253364e+002  2.7273028e+002  1.6469253e+001
  2.0438405e+002  1.7999810e+002  1.1409842e+002
  3.2876321e+002  2.8373131e+002  1.0575481e+002
  2.2410991e+002  4.7586429e+002  3.0577220e+001
  4.0350947e+002  4.3953391e+002  7.4662015e+001
  1.9466376e+002  4.6988173e+002  2.8201752e+001
  2.1034400e+002  2.8678175e+002  1.2808311e+002
 -1.3768750e+002  3.6611991e+002  5.9912797e+001
  1.8936418e+002  6.9987852e+001  3.1210828e+001
 -4.1835979e+001  8.8035259e+001  1.1898279e+002
  1.8390135e+002  3.4093712e+002  3.5033141e+001
  7.0783345e+001  2.8370462e+002  1.1089009e+002
 -2.2304440e+001  4.7267995e+001  5.2048925e+001
  4.9607155e+001  1.3100849e+002  7.2656831e+001
  2.8128642e+002  2.8149586e+002  1.2900872e+002
  1.3351924e+002  1.1493165e+002  9.1318405e+001
  2.6307131e+002  3.6508596e+002  3.1956490e+001
 -1.0805667e+002  4.2257466e+001  1.0443542e+002
 -4.8036021e+001  4.0401382e+002  4.3253984e+001
 -6.3404404e+001  3.3814352e+002  1.2129627e+002
  7.1373092e+000  2.1979600e+002  1.1909409e+002
 -1.4423361e+002  6.6862173e+001  1.3162585e+002
  3.8749625e+002  2.6501748e+002  2.8315929e+001
  2.5995763e+002  1.2813443e+002  3.1005398e+001
 -1.5841829e+002  6.5900023e+001  5.5331955e+001
  3.1995380e+002  3.5151400e+001  3.9761720e+001
  2.4228048e+002  6.0155614e+001  1.0278312e+002
  9.7594650e+001  4.3792589e+002  1.2219608e+002
  3.4383655e+002  3.5635687e+002  8.3410837e+001
  3.8901900e+002  2.3778074e+002  9.9382517e+001
  1.9127537e+002  1.8960876e+002  1.2837863e+002
  3.0731309e+002  1.5916836e+002  4.7876605e+001
 -1.5420433e+002  5.5887640e+001  4.0472043e+001
  1.2746709e+002  2.3921608e+002  2.0602641e+001
  3.2933893e+002  2.7758030e+002  2.8896345e+001
  1.2670859e+002  4.2728005e+002  4.3339059e+001
  3.7678940e+002  1.1806728e+002  1.1761093e+002
  3.5259377e+001  2.3057280e+002  5.7951773e+001
  6.1449962e+001  3.7731838e+002  3.4913065e+001
 -7.9136984e+001  8.6253326e+001  4.0579237e+001
  3.8460257e+002  1.6198983e+002  3.8549188e+001
 -1.2875834e+002  1.9121022e+002  1.2310458e+002
  3.3748276e+001  5.3834729e+001  1.1726885e+002
  1.2245599e+002  6.4450030e+001  3.5351297e+001
  1.0238555e+002  3.9907635e+002  1.1738331e+002
  1.1906707e+002  3.2787839e+002  3.4782448e+001
  4.5898396e+001  4.9399661e+001  6.1065168e+001
 -1.4836007e+002  3.6462276e+002  2.6536887e+001
 -5.1813906e+001  1.2515823e+002  1.1995226e+002
  2.9787684e+002  1.3407703e+002  3.4739434e+001
  7.6991428e+001  1.1066346e+002  2.9301071e+001
 -9.0902773e+000  3.6743609e+002  3.3452094e+001
  3.5256233e+002  2.6531052e+002  9.3562391e+001
  9.8939375e+001  1.2608350e+002  1.2742614e+002
  3.3858911e+002  6.7146561e+001  1.2039847e+002
 -1.4865274e+002  2.5487004e+002  8.7542532e+001
  9.6997747e+001  5.3708629e+001  1.1341738e+002
 -3.4078163e+000  4.6619159e+001  1.0976406e+002
  1.6633553e+002  4.7412205e+002  5.4636424e+001
  1.3304020e+002  4.8325207e+001  7.9844582e+001
 -1.5274843e+002  1.5933579e+002  7.1704320e+001
  2.9212391e+002  1.6409670e+002  1.1735861e+002
  1.8777748e+002  1.4077211e+002  3.1939052e+001
 -1.7724354e+001  1.5287463e+002  3.1394384e+001
  6.8740627e+001  4.6918268e+002  4.6161267e+001
 -1.5544661e+002  3.3847511e+002  1.2252822e+002
 -1.1746016e+002  4.1841697e+002  1.2007824e+002
 -1.5087198e+002  4.4198340e+002  1.9780691e+001
 -5.0423766e+001  4.6026827e+002  1.2867137e+002
  3.9283903e+002  3.9039199e+002  3.3876595e+001
  1.4717373e+002  4.1239513e+002  1.2363169e+002
  1.9211595e+002  2.3578903e+002  2.7760095e+001
  1.7236551e+002  1.0381486e+002  9.4319691e+001
 -1.3929417e+002  1.9374213e+002  2.0842752e+001
  2.2997789e+001  1.5419561e+002  9.1547743e+001
 -4.5930619e+001  7.6268023e+001  8.2474482e+001
 -1.3839999e+002  2.7322152e+002  3.1609996e+001
 -1.6014054e+002  2.4891240e+002  1.0825347e+002
  3.9159054e+002  3.6061628e+002  1.2242573e+002
  1.4763661e+002  2.8958940e+002  1.1798791e+002
 -5.6408950e+001  1.4978157e+002  2.7018606e+001
  3.6591715e+002  4.1430741e+002  2.8271203e+001
  2.7000344e+002  2.1117001e+002  1.2621185e+002
  2.9292073e+002  3.1620061e+002  4.4962925e+001
  2.2686898e+001  4.7706898e+002  5.9788267e+001
  3.1767880e+002  3.4502752e+002  1.1598152e+002
 -3.2924536e+001  4.5101993e+001  1.0257530e+002
  1.0443075e+001  3.9385065e+002  1.0858558e+002
 -1.4319207e+002  4.3131236e+002  1.1822965e+002
  3.7127043e+002  3.1248546e+002  3.7521278e+001
  1.3189874e+002  2.6787380e+002  5.8531078e+001
  2.2913380e+002  2.4678751e+002  2.7214148e+001
 -1.5293023e+002  4.7533649e+002  1.2608815e+002
  3.7967341e+002  4.7862087e+002  2.9035337e+001
 -7.7399381e+001  2.6329020e+002  1.0712549e+002
  1.5954846e+002  1.3517033e+002  1.1083993e+002
  2.0094575e+002  3.7929556e+002  4.4285372e+001
  8.3152631e+001  2.7014245e+002  1.1935178e+002
 -1.3335988e+002  3.9305057e+001  5.6928580e+001
 -1.6167286e+002  1.9770428e+002  9.5474699e+001
  7.7889072e+001  3.8084874e+002  1.1236607e+002
  1.8427999e+002  4.2885145e+002  2.5669575e+001
  4.5835641e+001  2.0196184e+002  2.0487403e+001
  7.7762617e+001  2.4125232e+002  6.8508102e+001
  3.3455752e+002  4.0407956e+001  1.1340805e+002
  3.8687954e+002  2.1910988e+002  1.2439467e+002
  6.1994361e+001  5.3043445e+001  1.2966371e+002
 -3.5247444e+001  1.9903260e+002  8.7451279e+001
  6.5321392e+001  4.3231483e+002  6.4266847e+001
  2.3779660e+001  5.9685172e+001  1.1213714e+002
 -7.9814871e+001  3.9154152e+002  1.1208848e+002
  7.1348003e+001  1.8295374e+002  1.2198223e+002
  2.0568801e+002  3.6645466e+002  1.1044795e+002
  3.9633934e+002  7.1598821e+001  1.1571080e+002
  2.0394160e+002  2.6011365e+002  9.7344329e+001
 -1.4385180e+002  3.0861174e+002  3.0195537e+001
 -8.6335375e+001  1.3018528e+002  1.2718328e+002
 -1.2517586e+001  2.1853292e+002  1.1931882e+002
  1.6111326e+002  2.3165457e+002  1.2735148e+002
  6.3719275e+001  2.8878387e+002  2.9140902e+001
  5.5161611e+001  3.4105962e+002  1.2138240e+002
  3.7293491e+002  6.0038910e+001  2.9624807e+001
  3.9256241e+002  5.9109294e+001  2.9346263e+001
 -1.0087863e+002  3.9128381e+001  1.1520494e+002
 -1.6881191e+001  4.3000948e+002  2.8623809e+001
 -1.1290327e+002  4.7097119e+001  2.4650940e+001
 -5.3375864e+001  4.7800135e+001  5.7666454e+001
  1.2890556e+002  4.7127202e+002  1.1998154e+002
 -4.6462841e+001  2.6468076e+002  2.5397086e+001
 -2.2378603e+001  3.3984380e+002  3.1374260e+001
  1.9216093e+002  7.5823497e+001  5.0281370e+001
  2.5987887e+002  2.2323636e+002  1.3229258e+002
  3.9094166e+002  4.3724759e+002  1.0257857e+002
  1.7903603e+002  3.5550055e+002  8.1453134e+001
 -1.5421188e+002  2.5178960e+002  1.1706787e+002
  1.3605553e+002  2.7876347e+002  5.9880241e+001
  3.2898870e+002  4.7523657e+002  7.8191665e+001
  1.3209085e+002  1.7635823e+002  1.2103738e+002
  6.2080080e+001  4.3297042e+001  6.8884397e+001
  2.2231591e+002  4.8222247e+001  3.2327268e+001
 -5.1909192e+001  1.1185424e+002  1.0326906e+002
 -1.4297655e+002  7.1124602e+001  1.2047664e+002
  3.3212858e+002  7.9797028e+001  1.2639651e+002
 -3.9134673e+001  4.5804520e+002  1.1514910e+002
 -8.4890267e+001  2.4023900e+002  8.9512274e+001
 -6.1454721e+001  3.8233702e+002  1.1406898e+002
  2.8463008e+002  1.9185118e+002  5.7806051e+001
