  -45.0000
         0
   45.0000
   90.0000
  135.0000
  180.0000
  225.0000
  270.0000
  315.0000
  360.0000
  405.0000
  -45.0000
         0
   45.0000
   90.0000
  135.0000
  180.0000
  225.0000
  270.0000
  315.0000
  360.0000
  405.0000
  -45.0000
         0
   45.0000
   90.0000
  135.0000
  180.0000
  225.0000
  270.0000
  315.0000
  360.0000
  405.0000
  -45.0000
         0
   45.0000
   90.0000
  135.0000
  180.0000
  225.0000
  270.0000
  315.0000
  360.0000
  405.0000
  -45.0000
         0
   45.0000
   90.0000
  135.0000
  180.0000
  225.0000
  270.0000
  315.0000
  360.0000
  405.0000
  -45.0000
         0
   45.0000
   90.0000
  135.0000
  180.0000
  225.0000
  270.0000
  315.0000
  360.0000
  405.0000
  -45.0000
         0
   67.5000
         0
  135.0000
  180.0000
  225.0000
  270.0000
  315.0000
  360.0000
  405.0000
         0
         0
         0
         0
         0
         0
         0
         0
         0
         0
         0
  -45.0000
  -45.0000
  -45.0000
  -45.0000
  -45.0000
  -45.0000
  -45.0000
  -45.0000
  -45.0000
  -45.0000
  -45.0000
  -90.0000
  -90.0000
  -90.0000
  -90.0000
  -90.0000
  -90.0000
  -90.0000
  -90.0000
  -90.0000
  -90.0000
  -90.0000
 -135.0000
 -135.0000
 -135.0000
 -135.0000
 -135.0000
 -135.0000
 -135.0000
 -135.0000
 -135.0000
 -135.0000
 -135.0000
 -180.0000
 -180.0000
 -180.0000
 -180.0000
 -180.0000
 -180.0000
 -180.0000
 -180.0000
 -180.0000
 -180.0000
 -180.0000
 -225.0000
 -225.0000
 -225.0000
 -225.0000
 -225.0000
 -225.0000
 -225.0000
 -225.0000
 -225.0000
 -225.0000
 -225.0000
 -270.0000
 -270.0000
 -270.0000
         0
 -270.0000
 -270.0000
 -270.0000
 -270.0000
 -270.0000
 -270.0000
 -270.0000