-263    -160    380    149.999    -300    -29.9992
-263    -160    380    149.999    -300    -29.9992
-263    -160    380    149.997    -300.001    -29.9967
-263    -160    380    149.996    -300.001    -29.9956
-263    -160    380    149.994    -300.001    -29.9936
-263    -160    380    149.994    -300.001    -29.9927
-263    -160    380    149.992    -300.002    -29.9912
-263    -160    380    149.992    -300.002    -29.9905
-263    -160    380    149.991    -300.002    -29.9894
-263    -160    380    149.99    -300.002    -29.9889
-263    -160    380    149.989    -300.002    -29.988
-263    -160    380    149.989    -300.002    -29.9877
-263    -160    380    149.989    -300.003    -29.9872
-263    -160    380    149.988    -300.003    -29.9869
-263    -160    380    149.988    -300.003    -29.9866
-263    -160    380    149.988    -300.003    -29.9865
-263    -160    380    149.988    -300.003    -29.9863
-263    -160    380    149.988    -300.003    -29.9863
-263    -160    380    149.988    -300.003    -29.9862
-263    -160    380    149.988    -300.003    -29.9862
-263    -160    380    149.988    -300.003    -29.9862
-263    -160    380    149.988    -300.003    -29.9862
-263    -160    380    149.988    -300.003    -29.9862
-263    -160    380    149.988    -300.003    -29.9862
-263    -160    380    149.988    -300.003    -29.9861
-263    -160    380    149.988    -300.003    -29.9861
-263    -160    380    149.987    -300.003    -29.9859
-263    -160    380    149.987    -300.003    -29.9858
-263    -160    380    149.987    -300.003    -29.9855
-263    -160    380    149.987    -300.003    -29.9852
-263    -160    380    149.986    -300.003    -29.9847
-263    -160    380    149.986    -300.003    -29.9844
-263    -160    380    149.985    -300.003    -29.9836
-263    -160    380    149.985    -300.003    -29.9831
-263    -160    380    149.984    -300.004    -29.982
-263    -160    380    149.983    -300.004    -29.9814
-263    -160    380    149.982    -300.004    -29.9799
-263    -160    380    149.981    -300.004    -29.9791
-263    -160    380    149.98    -300.005    -29.9773
-263    -160    380    149.979    -300.005    -29.9762
-263    -160    380    149.977    -300.005    -29.9739
-263    -160    380    149.975    -300.005    -29.9726
-263    -160    380    149.973    -300.006    -29.9698
-263    -160    380    149.972    -300.006    -29.9683
-263    -160    380    149.968    -300.007    -29.9649
-263    -160    380    149.967    -300.007    -29.9631
-263    -160    380    149.963    -300.008    -29.9591
-263    -160    380    149.961    -300.009    -29.957
-263    -160    380    149.957    -300.009    -29.9524
-263    -160    380    149.955    -300.01    -29.9499
-263    -160    380    149.95    -300.011    -29.9446
-263    -160    380    149.948    -300.012    -29.9418
-263    -160    380    149.942    -300.013    -29.9358
-263    -160    380    149.939    -300.013    -29.9326
-263    -160    380    149.933    -300.015    -29.9258
-263    -160    380    149.93    -300.016    -29.9222
-263    -160    380    149.923    -300.017    -29.9146
-263    -160    380    149.92    -300.018    -29.9106
-263    -160    380    149.912    -300.02    -29.9021
-263    -160    380    149.908    -300.02    -29.8977
-263    -160    380    149.9    -300.022    -29.8883
-263    -160    380    149.895    -300.023    -29.8834
-263    -160    380    149.886    -300.025    -29.8731
-263    -160    380    149.881    -300.026    -29.8677
-263    -160    380    149.871    -300.029    -29.8564
-263    -160    380    149.866    -300.03    -29.8505
-263    -160    380    149.855    -300.032    -29.8382
-263    -160    380    149.849    -300.034    -29.8318
-263    -160    380    149.837    -300.036    -29.8185
-263    -160    380    149.83    -300.038    -29.8115
-263    -160    380    149.817    -300.041    -29.797
-263    -160    380    149.811    -300.042    -29.7895
-263    -160    380    149.797    -300.045    -29.7739
-263    -160    380    149.789    -300.047    -29.7658
-263    -160    380    149.774    -300.05    -29.7491
-263    -160    380    149.766    -300.052    -29.7404
-263    -160    380    149.75    -300.055    -29.7224
-263    -160    380    149.742    -300.057    -29.7131
-263    -160    380    149.725    -300.061    -29.6938
-263    -160    380    149.716    -300.063    -29.6839
-263    -160    380    149.697    -300.067    -29.6634
-263    -160    380    149.688    -300.069    -29.6528
-263    -160    380    149.668    -300.074    -29.631
-263    -160    380    149.658    -300.076    -29.6197
-263    -160    380    149.637    -300.081    -29.5965
-263    -160    380    149.626    -300.083    -29.5846
-263    -160    380    149.604    -300.088    -29.56
-263    -160    380    149.593    -300.09    -29.5473
-263    -160    380    149.569    -300.096    -29.5213
-263    -160    380    149.557    -300.098    -29.508
-263    -160    380    149.533    -300.104    -29.4805
-263    -160    380    149.52    -300.107    -29.4664
-263    -160    380    149.494    -300.112    -29.4375
-263    -160    380    149.48    -300.115    -29.4226
-263    -160    380    149.453    -300.122    -29.3922
-263    -160    380    149.439    -300.125    -29.3766
-263    -160    380    149.41    -300.131    -29.3446
-263    -160    380    149.395    -300.134    -29.3282
-263    -160    380    149.365    -300.141    -29.2946
-263    -160    380    149.35    -300.144    -29.2774
-263    -160    380    149.318    -300.152    -29.2422
-263    -160    380    149.302    -300.155    -29.2242
-263    -160    380    149.269    -300.162    -29.1874
-263    -160    380    149.252    -300.166    -29.1685
-263    -160    380    149.217    -300.174    -29.13
-263    -160    380    149.199    -300.178    -29.1104
-263    -160    380    149.163    -300.186    -29.0702
-263    -160    380    149.145    -300.19    -29.0497
-263    -160    380    149.107    -300.198    -29.0078
-263    -160    380    149.088    -300.203    -28.9864
-263    -160    380    149.049    -300.211    -28.9427
-263    -160    380    149.029    -300.216    -28.9205
-263    -160    380    148.988    -300.225    -28.875
-263    -160    380    148.967    -300.23    -28.8519
-263    -160    380    148.924    -300.239    -28.8047
-263    -160    380    148.903    -300.244    -28.7806
-263    -160    380    148.858    -300.254    -28.7315
-263    -160    380    148.836    -300.259    -28.7066
-263    -160    380    148.79    -300.269    -28.6557
-263    -160    380    148.767    -300.274    -28.6298
-263    -160    380    148.719    -300.285    -28.577
-263    -160    380    148.695    -300.29    -28.5501
-263    -160    380    148.646    -300.301    -28.4955
-263    -160    380    148.621    -300.306    -28.4677
-263    -160    380    148.57    -300.318    -28.4111
-263    -160    380    148.544    -300.323    -28.3824
-263    -160    380    148.492    -300.335    -28.3238
-263    -160    380    148.465    -300.341    -28.2941
-263    -160    380    148.41    -300.353    -28.2336
-263    -160    380    148.383    -300.359    -28.2029
-263    -160    380    148.327    -300.372    -28.1405
-263    -160    380    148.298    -300.378    -28.1088
-263    -160    380    148.24    -300.391    -28.0443
-263    -160    380    148.211    -300.398    -28.0116
-263    -160    380    148.151    -300.411    -27.9451
-263    -160    380    148.12    -300.418    -27.9114
-263    -160    380    148.059    -300.431    -27.8429
-263    -160    380    148.027    -300.438    -27.8081
-263    -160    380    147.964    -300.452    -27.7376
-263    -160    380    147.932    -300.46    -27.7018
-263    -160    380    147.866    -300.474    -27.6292
-263    -160    380    147.833    -300.481    -27.5923
-263    -160    380    147.766    -300.496    -27.5176
-263    -160    380    147.732    -300.504    -27.4797
-263    -160    380    147.663    -300.519    -27.4029
-263    -160    380    147.628    -300.527    -27.364
-263    -160    380    147.557    -300.543    -27.2851
-263    -160    380    147.521    -300.551    -27.245
-263    -160    380    147.448    -300.567    -27.164
-263    -160    380    147.411    -300.575    -27.1229
-263    -160    380    147.336    -300.592    -27.0397
-263    -160    380    147.298    -300.6    -26.9975
-263    -160    380    147.221    -300.618    -26.9121
-263    -160    380    147.182    -300.626    -26.8689
-263    -160    380    147.103    -300.644    -26.7813
-263    -160    380    147.063    -300.653    -26.737
-263    -160    380    146.983    -300.671    -26.6472
-263    -160    380    146.942    -300.68    -26.6018
-263    -160    380    146.859    -300.698    -26.5099
-263    -160    380    146.817    -300.707    -26.4633
-263    -160    380    146.732    -300.726    -26.3692
-263    -160    380    146.689    -300.736    -26.3215
-263    -160    380    146.603    -300.755    -26.2251
-263    -160    380    146.559    -300.765    -26.1763
-263    -160    380    146.47    -300.784    -26.0777
-263    -160    380    146.425    -300.794    -26.0278
-263    -160    380    146.334    -300.815    -25.927
-263    -160    380    146.288    -300.825    -25.8759
-263    -160    380    146.196    -300.845    -25.7728
-263    -160    380    146.149    -300.856    -25.7207
-263    -160    380    146.054    -300.877    -25.6153
-263    -160    380    146.006    -300.888    -25.562
-263    -160    380    145.909    -300.909    -25.4544
-263    -160    380    145.86    -300.92    -25.3999
-263    -160    380    145.761    -300.942    -25.29
-263    -160    380    145.711    -300.953    -25.2344
-263    -160    380    145.61    -300.976    -25.1222
-263    -160    380    145.559    -300.987    -25.0655
-263    -160    380    145.456    -301.01    -24.951
-263    -160    380    145.404    -301.021    -24.8932
-263    -160    380    145.299    -301.045    -24.7764
-263    -160    380    145.246    -301.056    -24.7174
-263    -160    380    145.139    -301.08    -24.5982
-263    -160    380    145.084    -301.092    -24.5381
-263    -160    380    144.975    -301.117    -24.4167
-263    -160    380    144.92    -301.129    -24.3554
-263    -160    380    144.809    -301.154    -24.2316
-263    -160    380    144.752    -301.166    -24.1692
-263    -160    380    144.639    -301.191    -24.0431
-263    -160    380    144.582    -301.204    -23.9795
-263    -160    380    144.466    -301.23    -23.8511
-263    -160    380    144.408    -301.243    -23.7864
-263    -160    380    144.29    -301.269    -23.6557
-263    -160    380    144.231    -301.282    -23.5897
-263    -160    380    144.111    -301.309    -23.4567
-263    -160    380    144.051    -301.322    -23.3896
-263    -160    380    143.929    -301.349    -23.2543
-263    -160    380    143.868    -301.363    -23.186
-263    -160    380    143.744    -301.39    -23.0484
-263    -160    380    143.681    -301.404    -22.979
-263    -160    380    143.555    -301.432    -22.839
-263    -160    380    143.492    -301.446    -22.7684
-263    -160    380    143.364    -301.475    -22.6261
-263    -160    380    143.299    -301.489    -22.5544
-263    -160    380    143.169    -301.518    -22.4097
-263    -160    380    143.103    -301.533    -22.3368
-263    -160    380    142.971    -301.562    -22.1899
-263    -160    380    142.904    -301.577    -22.1158
-263    -160    380    142.77    -301.607    -21.9666
-263    -160    380    142.702    -301.622    -21.8913
-263    -160    380    142.566    -301.652    -21.7398
-263    -160    380    142.497    -301.667    -21.6634
-263    -160    380    142.359    -301.698    -21.5095
-263    -160    380    142.289    -301.714    -21.4319
-263    -160    380    142.148    -301.745    -21.2757
-263    -160    380    142.077    -301.761    -21.197
-263    -160    380    141.935    -301.792    -21.0385
-263    -160    380    141.863    -301.808    -20.9587
-263    -160    380    141.718    -301.84    -20.7979
-263    -160    380    141.645    -301.857    -20.7169
-263    -160    380    141.498    -301.889    -20.5538
-263    -160    380    141.425    -301.906    -20.4716
-263    -160    380    141.276    -301.939    -20.3063
-263    -160    380    141.201    -301.955    -20.223
-263    -160    380    141.05    -301.989    -20.0553
-263    -160    380    140.974    -302.006    -19.9709
-263    -160    380    140.821    -302.04    -19.8009
-263    -160    380    140.744    -302.057    -19.7153
-263    -160    380    140.589    -302.091    -19.5431
-263    -160    380    140.511    -302.109    -19.4564
-263    -160    380    140.354    -302.144    -19.282
-263    -160    380    140.275    -302.161    -19.1941
-263    -160    380    140.116    -302.196    -19.0174
-263    -160    380    140.036    -302.214    -18.9284
-263    -160    380    139.875    -302.25    -18.7495
-263    -160    380    139.794    -302.268    -18.6594
-263    -160    380    139.63    -302.304    -18.4782
-263    -160    380    139.548    -302.323    -18.387
-263    -160    380    139.383    -302.359    -18.2036
-263    -160    380    139.3    -302.378    -18.1112
-263    -160    380    139.133    -302.415    -17.9256
-263    -160    380    139.049    -302.434    -17.8322
-263    -160    380    138.88    -302.471    -17.6443
-263    -160    380    138.795    -302.49    -17.5498
-263    -160    380    138.624    -302.528    -17.3598
-263    -160    380    138.538    -302.547    -17.2642
-263    -160    380    138.365    -302.586    -17.0719
-263    -160    380    138.278    -302.605    -16.9752
-263    -160    380    138.103    -302.644    -16.7808
-263    -160    380    138.015    -302.663    -16.683
-263    -160    380    137.838    -302.703    -16.4865
-263    -160    380    137.749    -302.722    -16.3876
-263    -160    380    137.57    -302.762    -16.1889
-263    -160    380    137.48    -302.782    -16.089
-263    -160    380    137.299    -302.822    -15.8882
-263    -160    380    137.209    -302.843    -15.7872
-263    -160    380    137.026    -302.883    -15.5842
-263    -160    380    136.934    -302.904    -15.4822
-263    -160    380    136.749    -302.945    -15.2771
-263    -160    380    136.657    -302.965    -15.174
-263    -160    380    136.47    -303.007    -14.9669
-263    -160    380    136.377    -303.027    -14.8627
-263    -160    380    136.188    -303.069    -14.6535
-263    -160    380    136.094    -303.09    -14.5483
-263    -160    380    135.903    -303.133    -14.3371
-263    -160    380    135.808    -303.154    -14.2309
-263    -160    380    135.616    -303.196    -14.0176
-263    -160    380    135.519    -303.218    -13.9103
-263    -160    380    135.326    -303.261    -13.695
-263    -160    380    135.228    -303.283    -13.5868
-263    -160    380    135.033    -303.326    -13.3694
-263    -160    380    134.934    -303.348    -13.2602
-263    -160    380    134.737    -303.392    -13.0408
-263    -160    380    134.638    -303.414    -12.9306
-263    -160    380    134.438    -303.458    -12.7093
-263    -160    380    134.338    -303.48    -12.5981
-263    -160    380    134.137    -303.525    -12.3748
-263    -160    380    134.036    -303.547    -12.2626
-263    -160    380    133.834    -303.592    -12.0374
-263    -160    380    133.732    -303.615    -11.9243
-263    -160    380    133.528    -303.661    -11.6971
-263    -160    380    133.425    -303.683    -11.583
-263    -160    380    133.219    -303.729    -11.354
-263    -160    380    133.115    -303.752    -11.2389
-263    -160    380    132.907    -303.798    -11.008
-263    -160    380    132.803    -303.822    -10.892
-263    -160    380    132.593    -303.868    -10.6593
-263    -160    380    132.488    -303.891    -10.5424
-263    -160    380    132.277    -303.938    -10.3078
-263    -160    380    132.171    -303.962    -10.1899
-263    -160    380    131.958    -304.009    -9.9535
-263    -160    380    131.851    -304.033    -9.83475
-263    -160    380    131.637    -304.081    -9.59653
-263    -160    380    131.529    -304.105    -9.47688
-263    -160    380    131.313    -304.153    -9.23688
-263    -160    380    131.205    -304.177    -9.11635
-263    -160    380    130.987    -304.225    -8.8746
-263    -160    380    130.878    -304.249    -8.7532
-263    -160    380    130.659    -304.298    -8.50971
-263    -160    380    130.549    -304.322    -8.38744
-263    -160    380    130.328    -304.372    -8.14224
-263    -160    380    130.217    -304.396    -8.01912
-263    -160    380    129.995    -304.446    -7.77223
-263    -160    380    129.884    -304.47    -7.64827
-263    -160    380    129.66    -304.52    -7.39971
-263    -160    380    129.548    -304.545    -7.27492
-263    -160    380    129.322    -304.595    -7.02473
-263    -160    380    129.209    -304.62    -6.89912
-263    -160    380    128.983    -304.671    -6.6473
-263    -160    380    128.869    -304.696    -6.52089
-263    -160    380    128.641    -304.746    -6.26747
-263    -160    380    128.526    -304.772    -6.14026
-263    -160    380    128.297    -304.823    -5.88528
-263    -160    380    128.182    -304.849    -5.75729
-263    -160    380    127.951    -304.9    -5.50075
-263    -160    380    127.835    -304.926    -5.37199
-263    -160    380    127.603    -304.977    -5.11394
-263    -160    380    127.486    -305.003    -4.98442
-263    -160    380    127.252    -305.055    -4.72487
-263    -160    380    127.135    -305.081    -4.59461
-263    -160    380    126.9    -305.133    -4.33358
-263    -160    380    126.782    -305.159    -4.20258
-263    -160    380    126.546    -305.212    -3.94011
-263    -160    380    126.428    -305.238    -3.8084
-263    -160    380    126.19    -305.291    -3.5445
-263    -160    380    126.071    -305.318    -3.41208
-263    -160    380    125.832    -305.371    -3.14679
-263    -160    380    125.712    -305.397    -3.01368
-263    -160    380    125.472    -305.451    -2.74701
-263    -160    380    125.352    -305.477    -2.61322
-263    -160    380    125.111    -305.531    -2.34521
-263    -160    380    124.99    -305.558    -2.21075
-263    -160    380    124.747    -305.612    -1.94143
-263    -160    380    124.626    -305.639    -1.80632
-263    -160    380    124.382    -305.693    -1.5357
-263    -160    380    124.26    -305.72    -1.39995
-263    -160    380    124.015    -305.774    -1.12808
-263    -160    380    123.893    -305.802    -0.991698
-263    -160    380    123.647    -305.856    -0.718586
-263    -160    380    123.523    -305.884    -0.581594
-263    -160    380    123.277    -305.939    -0.307274
-263    -160    380    123.153    -305.966    -0.169684
-263    -160    380    122.905    -306.021    0.105817
-263    -160    380    122.78    -306.049    0.243993
-263    -160    380    122.531    -306.104    0.520646
-263    -160    380    122.407    -306.132    0.659393
-263    -160    380    122.157    -306.187    0.937171
-263    -160    380    122.031    -306.215    1.07647
-263    -160    380    121.78    -306.271    1.35535
-263    -160    380    121.654    -306.299    1.4952
-263    -160    380    121.402    -306.355    1.77514
-263    -160    380    121.276    -306.383    1.91551
-263    -160    380    121.023    -306.439    2.19649
-263    -160    380    120.896    -306.467    2.33738
-263    -160    380    120.643    -306.524    2.61938
-263    -160    380    120.515    -306.552    2.76077
-263    -160    380    120.261    -306.609    3.04374
-263    -160    380    120.133    -306.637    3.18562
-263    -160    380    119.877    -306.694    3.46954
-263    -160    380    119.749    -306.722    3.61189
-263    -160    380    119.493    -306.779    3.89674
-263    -160    380    119.364    -306.808    4.03954
-263    -160    380    119.107    -306.865    4.32529
-263    -160    380    118.978    -306.894    4.46853
-263    -160    380    118.72    -306.951    4.75514
-263    -160    380    118.591    -306.98    4.89881
-263    -160    380    118.332    -307.037    5.18626
-263    -160    380    118.203    -307.066    5.33034
-263    -160    380    117.943    -307.124    5.61859
-263    -160    380    117.813    -307.153    5.76307
-263    -160    380    117.553    -307.21    6.0521
-263    -160    380    117.423    -307.239    6.19696
-263    -160    380    117.162    -307.297    6.48673
-263    -160    380    117.031    -307.326    6.63197
-263    -160    380    116.77    -307.384    6.92246
-263    -160    380    116.639    -307.414    7.06804
-263    -160    380    116.377    -307.472    7.35921
-263    -160    380    116.245    -307.501    7.50514
-263    -160    380    115.983    -307.559    7.79697
-263    -160    380    115.851    -307.589    7.94321
-263    -160    380    115.588    -307.647    8.23567
-263    -160    380    115.456    -307.676    8.38222
-263    -160    380    115.192    -307.735    8.67527
-263    -160    380    115.06    -307.764    8.82211
-263    -160    380    114.796    -307.823    9.11573
-263    -160    380    114.663    -307.853    9.26285
-263    -160    380    114.399    -307.911    9.55701
-263    -160    380    114.266    -307.941    9.70439
-263    -160    380    114.001    -308    9.99905
-263    -160    380    113.868    -308.029    10.1467
-263    -160    380    113.602    -308.088    10.4418
-263    -160    380    113.469    -308.118    10.5897
-263    -160    380    113.203    -308.177    10.8852
-263    -160    380    113.07    -308.207    11.0333
-263    -160    380    112.804    -308.266    11.3293
-263    -160    380    112.67    -308.295    11.4776
-263    -160    380    112.403    -308.355    11.774
-263    -160    380    112.27    -308.384    11.9224
-263    -160    380    112.003    -308.444    12.2191
-263    -160    380    111.869    -308.474    12.3678
-263    -160    380    111.602    -308.533    12.6648
-263    -160    380    111.468    -308.563    12.8136
-263    -160    380    111.2    -308.622    13.1109
-263    -160    380    111.066    -308.652    13.2599
-263    -160    380    110.798    -308.711    13.5575
-263    -160    380    110.664    -308.741    13.7065
-263    -160    380    110.396    -308.801    14.0043
-263    -160    380    110.262    -308.831    14.1535
-263    -160    380    109.994    -308.89    14.4515
-263    -160    380    109.859    -308.92    14.6008
-263    -160    380    109.591    -308.98    14.899
-263    -160    380    109.457    -309.01    15.0483
-263    -160    380    109.188    -309.069    15.3466
-263    -160    380    109.054    -309.099    15.496
-263    -160    380    108.785    -309.159    15.7945
-263    -160    380    108.651    -309.189    15.9439
-263    -160    380    108.382    -309.248    16.2424
-263    -160    380    108.247    -309.278    16.3919
-263    -160    380    107.979    -309.338    16.6905
-263    -160    380    107.844    -309.368    16.84
-263    -160    380    107.575    -309.428    17.1386
-263    -160    380    107.441    -309.458    17.2881
-263    -160    380    107.172    -309.517    17.5866
-263    -160    380    107.038    -309.547    17.7361
-263    -160    380    106.769    -309.607    18.0346
-263    -160    380    106.634    -309.637    18.1841
-263    -160    380    106.366    -309.696    18.4826
-263    -160    380    106.231    -309.726    18.632
-263    -160    380    105.963    -309.786    18.9303
-263    -160    380    105.828    -309.816    19.0797
-263    -160    380    105.56    -309.876    19.3779
-263    -160    380    105.426    -309.905    19.5272
-263    -160    380    105.157    -309.965    19.8252
-263    -160    380    105.023    -309.995    19.9744
-263    -160    380    104.755    -310.054    20.2723
-263    -160    380    104.621    -310.084    20.4214
-263    -160    380    104.353    -310.144    20.719
-263    -160    380    104.219    -310.174    20.868
-263    -160    380    103.951    -310.233    21.1654
-263    -160    380    103.817    -310.263    21.3142
-263    -160    380    103.55    -310.322    21.6113
-263    -160    380    103.416    -310.352    21.76
-263    -160    380    103.149    -310.411    22.0568
-263    -160    380    103.015    -310.441    22.2054
-263    -160    380    102.748    -310.5    22.5018
-263    -160    380    102.615    -310.53    22.6502
-263    -160    380    102.348    -310.589    22.9462
-263    -160    380    102.215    -310.619    23.0944
-263    -160    380    101.949    -310.678    23.3901
-263    -160    380    101.816    -310.708    23.5381
-263    -160    380    101.55    -310.767    23.8333
-263    -160    380    101.417    -310.796    23.9811
-263    -160    380    101.152    -310.855    24.2759
-263    -160    380    101.019    -310.885    24.4234
-263    -160    380    100.754    -310.944    24.7177
-263    -160    380    100.622    -310.973    24.865
-263    -160    380    100.357    -311.032    25.1588
-263    -160    380    100.225    -311.061    25.3058
-263    -160    380    99.9609    -311.12    25.599
-263    -160    380    99.8289    -311.149    25.7457
-263    -160    380    99.5654    -311.208    26.0384
-263    -160    380    99.4337    -311.237    26.1849
-263    -160    380    99.1708    -311.295    26.477
-263    -160    380    99.0392    -311.325    26.6231
-263    -160    380    98.7769    -311.383    26.9146
-263    -160    380    98.6457    -311.412    27.0604
-263    -160    380    98.384    -311.47    27.3512
-263    -160    380    98.253    -311.499    27.4967
-263    -160    380    97.9919    -311.557    27.7868
-263    -160    380    97.8613    -311.586    27.932
-263    -160    380    97.6008    -311.644    28.2214
-263    -160    380    97.4705    -311.673    28.3662
-263    -160    380    97.2106    -311.731    28.6549
-263    -160    380    97.0807    -311.76    28.7993
-263    -160    380    96.8215    -311.817    29.0872
-263    -160    380    96.6919    -311.846    29.2313
-263    -160    380    96.4335    -311.904    29.5184
-263    -160    380    96.3042    -311.932    29.662
-263    -160    380    96.0465    -311.99    29.9484
-263    -160    380    95.9176    -312.018    30.0916
-263    -160    380    95.6606    -312.075    30.3771
-263    -160    380    95.5321    -312.104    30.5199
-263    -160    380    95.276    -312.161    30.8045
-263    -160    380    95.1478    -312.189    30.9469
-263    -160    380    94.8925    -312.246    31.2306
-263    -160    380    94.7648    -312.274    31.3725
-263    -160    380    94.5102    -312.331    31.6554
-263    -160    380    94.3829    -312.359    31.7968
-263    -160    380    94.1292    -312.416    32.0787
-263    -160    380    94.0023    -312.444    32.2197
-263    -160    380    93.7495    -312.5    32.5006
-263    -160    380    93.6231    -312.528    32.6411
-263    -160    380    93.3711    -312.584    32.921
-263    -160    380    93.2452    -312.612    33.061
-263    -160    380    92.9941    -312.668    33.3399
-263    -160    380    92.8686    -312.696    33.4794
-263    -160    380    92.6185    -312.751    33.7572
-263    -160    380    92.4935    -312.779    33.8962
-263    -160    380    92.2443    -312.835    34.173
-263    -160    380    92.1198    -312.862    34.3114
-263    -160    380    91.8716    -312.917    34.5871
-263    -160    380    91.7475    -312.945    34.725
-263    -160    380    91.5004    -313    34.9996
-263    -160    380    91.3768    -313.027    35.1369
-263    -160    380    91.1307    -313.082    35.4104
-263    -160    380    91.0076    -313.109    35.5471
-263    -160    380    90.7625    -313.164    35.8195
-263    -160    380    90.64    -313.191    35.9556
-263    -160    380    90.3959    -313.245    36.2268
-263    -160    380    90.274    -313.272    36.3623
-263    -160    380    90.031    -313.326    36.6323
-263    -160    380    89.9095    -313.353    36.7672
-263    -160    380    89.6677    -313.407    37.0359
-263    -160    380    89.5468    -313.434    37.1703
-263    -160    380    89.306    -313.488    37.4378
-263    -160    380    89.1857    -313.514    37.5715
-263    -160    380    88.9461    -313.568    37.8377
-263    -160    380    88.8263    -313.594    37.9708
-263    -160    380    88.5879    -313.647    38.2357
-263    -160    380    88.4687    -313.674    38.3681
-263    -160    380    88.2315    -313.726    38.6317
-263    -160    380    88.1129    -313.753    38.7635
-263    -160    380    87.8768    -313.805    39.0258
-263    -160    380    87.7588    -313.831    39.1569
-263    -160    380    87.524    -313.884    39.4179
-263    -160    380    87.4066    -313.91    39.5483
-263    -160    380    87.1729    -313.962    39.8079
-263    -160    380    87.0562    -313.988    39.9376
-263    -160    380    86.8238    -314.039    40.1958
-263    -160    380    86.7077    -314.065    40.3248
-263    -160    380    86.4766    -314.116    40.5816
-263    -160    380    86.3611    -314.142    40.7099
-263    -160    380    86.1312    -314.193    40.9653
-263    -160    380    86.0164    -314.219    41.0929
-263    -160    380    85.7879    -314.269    41.3468
-263    -160    380    85.6737    -314.295    41.4737
-263    -160    380    85.4465    -314.345    41.7262
-263    -160    380    85.3329    -314.37    41.8523
-263    -160    380    85.107    -314.421    42.1033
-263    -160    380    84.9942    -314.446    42.2287
-263    -160    380    84.7696    -314.496    42.4782
-263    -160    380    84.6575    -314.521    42.6028
-263    -160    380    84.4343    -314.57    42.8508
-263    -160    380    84.3228    -314.595    42.9747
-263    -160    380    84.101    -314.644    43.2211
-263    -160    380    83.9902    -314.669    43.3443
-263    -160    380    83.7698    -314.718    43.5891
-263    -160    380    83.6597    -314.742    43.7115
-263    -160    380    83.4407    -314.791    43.9548
-263    -160    380    83.3313    -314.815    44.0764
-263    -160    380    83.1137    -314.864    44.3181
-263    -160    380    83.005    -314.888    44.4389
-263    -160    380    82.7889    -314.936    44.679
-263    -160    380    82.681    -314.96    44.799
-263    -160    380    82.4663    -315.007    45.0375
-263    -160    380    82.359    -315.031    45.1567
-263    -160    380    82.1458    -315.079    45.3936
-263    -160    380    82.0393    -315.102    45.5119
-263    -160    380    81.8276    -315.149    45.7472
-263    -160    380    81.7218    -315.173    45.8647
-263    -160    380    81.5116    -315.22    46.0983
-263    -160    380    81.4066    -315.243    46.215
-263    -160    380    81.1978    -315.289    46.4469
-263    -160    380    81.0935    -315.313    46.5627
-263    -160    380    80.8863    -315.359    46.793
-263    -160    380    80.7828    -315.382    46.908
-263    -160    380    80.5771    -315.427    47.1366
-263    -160    380    80.4744    -315.45    47.2507
-263    -160    380    80.2702    -315.496    47.4776
-263    -160    380    80.1682    -315.518    47.5909
-263    -160    380    79.9656    -315.563    47.816
-263    -160    380    79.8644    -315.586    47.9284
-263    -160    380    79.6634    -315.63    48.1518
-263    -160    380    79.563    -315.653    48.2634
-263    -160    380    79.3635    -315.697    48.485
-263    -160    380    79.2639    -315.719    48.5957
-263    -160    380    79.066    -315.763    48.8156
-263    -160    380    78.9671    -315.785    48.9254
-263    -160    380    78.7708    -315.829    49.1436
-263    -160    380    78.6728    -315.85    49.2525
-263    -160    380    78.4781    -315.894    49.4688
-263    -160    380    78.3808    -315.915    49.5769
-263    -160    380    78.1877    -315.958    49.7914
-263    -160    380    78.0913    -315.98    49.8986
-263    -160    380    77.8998    -316.022    50.1113
-263    -160    380    77.8042    -316.044    50.2176
-263    -160    380    77.6143    -316.086    50.4285
-263    -160    380    77.5196    -316.107    50.5339
-263    -160    380    77.3313    -316.149    50.743
-263    -160    380    77.2373    -316.169    50.8474
-263    -160    380    77.0507    -316.211    51.0547
-263    -160    380    76.9576    -316.232    51.1582
-263    -160    380    76.7727    -316.273    51.3637
-263    -160    380    76.6803    -316.293    51.4663
-263    -160    380    76.497    -316.334    51.67
-263    -160    380    76.4056    -316.354    51.7716
-263    -160    380    76.2239    -316.395    51.9734
-263    -160    380    76.1333    -316.415    52.0742
-263    -160    380    75.9533    -316.455    52.2741
-263    -160    380    75.8635    -316.475    52.3739
-263    -160    380    75.6852    -316.514    52.572
-263    -160    380    75.5962    -316.534    52.6709
-263    -160    380    75.4196    -316.573    52.8671
-263    -160    380    75.3315    -316.593    52.965
-263    -160    380    75.1566    -316.632    53.1594
-263    -160    380    75.0693    -316.651    53.2563
-263    -160    380    74.8961    -316.69    53.4488
-263    -160    380    74.8096    -316.709    53.5449
-263    -160    380    74.6381    -316.747    53.7354
-263    -160    380    74.5525    -316.766    53.8305
-263    -160    380    74.3827    -316.804    54.0192
-263    -160    380    74.298    -316.823    54.1134
-263    -160    380    74.1299    -316.86    54.3002
-263    -160    380    74.046    -316.879    54.3934
-263    -160    380    73.8796    -316.916    54.5783
-263    -160    380    73.7965    -316.934    54.6705
-263    -160    380    73.6319    -316.971    54.8535
-263    -160    380    73.5497    -316.989    54.9448
-263    -160    380    73.3867    -317.025    55.1259
-263    -160    380    73.3054    -317.043    55.2162
-263    -160    380    73.1441    -317.079    55.3954
-263    -160    380    73.0637    -317.097    55.4848
-263    -160    380    72.9042    -317.132    55.662
-263    -160    380    72.8246    -317.15    55.7505
-263    -160    380    72.6668    -317.185    55.9258
-263    -160    380    72.5881    -317.203    56.0133
-263    -160    380    72.432    -317.237    56.1867
-263    -160    380    72.3541    -317.255    56.2732
-263    -160    380    72.1998    -317.289    56.4447
-263    -160    380    72.1228    -317.306    56.5303
-263    -160    380    71.9701    -317.34    56.6999
-263    -160    380    71.894    -317.357    56.7844
-263    -160    380    71.7431    -317.39    56.9521
-263    -160    380    71.6679    -317.407    57.0357
-263    -160    380    71.5187    -317.44    57.2015
-263    -160    380    71.4443    -317.457    57.2841
-263    -160    380    71.2969    -317.49    57.448
-263    -160    380    71.2233    -317.506    57.5296
-263    -160    380    71.0776    -317.538    57.6915
-263    -160    380    71.005    -317.554    57.7723
-263    -160    380    70.861    -317.586    57.9323
-263    -160    380    70.7892    -317.602    58.012
-263    -160    380    70.6469    -317.634    58.1701
-263    -160    380    70.576    -317.65    58.2489
-263    -160    380    70.4355    -317.681    58.405
-263    -160    380    70.3654    -317.697    58.4829
-263    -160    380    70.2266    -317.727    58.6371
-263    -160    380    70.1574    -317.743    58.714
-263    -160    380    70.0203    -317.773    58.8663
-263    -160    380    69.952    -317.788    58.9422
-263    -160    380    69.8167    -317.819    59.0926
-263    -160    380    69.7492    -317.834    59.1676
-263    -160    380    69.6156    -317.863    59.3161
-263    -160    380    69.5489    -317.878    59.3901
-263    -160    380    69.417    -317.907    59.5366
-263    -160    380    69.3513    -317.922    59.6097
-263    -160    380    69.2211    -317.951    59.7544
-263    -160    380    69.1562    -317.965    59.8265
-263    -160    380    69.0277    -317.994    59.9692
-263    -160    380    68.9637    -318.008    60.0404
-263    -160    380    68.8369    -318.036    60.1812
-263    -160    380    68.7737    -318.05    60.2515
-263    -160    380    68.6486    -318.078    60.3904
-263    -160    380    68.5863    -318.092    60.4597
-263    -160    380    68.4629    -318.119    60.5968
-263    -160    380    68.4014    -318.133    60.6651
-263    -160    380    68.2798    -318.16    60.8003
-263    -160    380    68.2191    -318.174    60.8676
-263    -160    380    68.0991    -318.2    61.001
-263    -160    380    68.0394    -318.213    61.0674
-263    -160    380    67.9211    -318.24    61.1988
-263    -160    380    67.8621    -318.253    61.2643
-263    -160    380    67.7455    -318.279    61.3939
-263    -160    380    67.6874    -318.292    61.4585
-263    -160    380    67.5724    -318.317    61.5862
-263    -160    380    67.5152    -318.33    61.6498
-263    -160    380    67.4019    -318.355    61.7757
-263    -160    380    67.3455    -318.368    61.8384
-263    -160    380    67.2339    -318.392    61.9624
-263    -160    380    67.1783    -318.405    62.0242
-263    -160    380    67.0683    -318.429    62.1463
-263    -160    380    67.0135    -318.441    62.2072
-263    -160    380    66.9052    -318.466    62.3275
-263    -160    380    66.8513    -318.477    62.3875
-263    -160    380    66.7446    -318.501    62.506
-263    -160    380    66.6915    -318.513    62.565
-263    -160    380    66.5865    -318.536    62.6817
-263    -160    380    66.5341    -318.548    62.7398
-263    -160    380    66.4307    -318.571    62.8547
-263    -160    380    66.3793    -318.582    62.9119
-263    -160    380    66.2775    -318.605    63.025
-263    -160    380    66.2268    -318.616    63.0814
-263    -160    380    66.1266    -318.639    63.1926
-263    -160    380    66.0767    -318.65    63.2481
-263    -160    380    65.9782    -318.672    63.3576
-263    -160    380    65.9291    -318.682    63.4121
-263    -160    380    65.8321    -318.704    63.5198
-263    -160    380    65.7839    -318.715    63.5735
-263    -160    380    65.6885    -318.736    63.6795
-263    -160    380    65.641    -318.746    63.7322
-263    -160    380    65.5472    -318.767    63.8365
-263    -160    380    65.5005    -318.778    63.8883
-263    -160    380    65.4083    -318.798    63.9908
-263    -160    380    65.3623    -318.808    64.0418
-263    -160    380    65.2717    -318.829    64.1426
-263    -160    380    65.2265    -318.839    64.1927
-263    -160    380    65.1374    -318.858    64.2918
-263    -160    380    65.093    -318.868    64.3411
-263    -160    380    65.0055    -318.888    64.4384
-263    -160    380    64.9619    -318.897    64.4868
-263    -160    380    64.8758    -318.916    64.5824
-263    -160    380    64.833    -318.926    64.63
-263    -160    380    64.7485    -318.945    64.7239
-263    -160    380    64.7064    -318.954    64.7707
-263    -160    380    64.6234    -318.973    64.8629
-263    -160    380    64.582    -318.982    64.9089
-263    -160    380    64.5005    -319    64.9994
-263    -160    380    64.4599    -319.009    65.0445
-263    -160    380    64.3799    -319.027    65.1335
-263    -160    380    64.3401    -319.036    65.1777
-263    -160    380    64.2615    -319.053    65.265
-263    -160    380    64.2224    -319.062    65.3084
-263    -160    380    64.1453    -319.079    65.3941
-263    -160    380    64.1069    -319.087    65.4367
-263    -160    380    64.0313    -319.104    65.5208
-263    -160    380    63.9937    -319.113    65.5626
-263    -160    380    63.9194    -319.129    65.6451
-263    -160    380    63.8825    -319.137    65.6861
-263    -160    380    63.8097    -319.153    65.767
-263    -160    380    63.7735    -319.161    65.8072
-263    -160    380    63.7022    -319.177    65.8865
-263    -160    380    63.6667    -319.185    65.9259
-263    -160    380    63.5967    -319.201    66.0037
-263    -160    380    63.5619    -319.208    66.0423
-263    -160    380    63.4933    -319.224    66.1185
-263    -160    380    63.4592    -319.231    66.1564
-263    -160    380    63.392    -319.246    66.2311
-263    -160    380    63.3586    -319.254    66.2682
-263    -160    380    63.2928    -319.268    66.3413
-263    -160    380    63.2601    -319.276    66.3777
-263    -160    380    63.1956    -319.29    66.4493
-263    -160    380    63.1635    -319.297    66.485
-263    -160    380    63.1004    -319.311    66.5551
-263    -160    380    63.069    -319.318    66.59
-263    -160    380    63.0072    -319.332    66.6587
-263    -160    380    62.9765    -319.339    66.6928
-263    -160    380    62.916    -319.352    66.76
-263    -160    380    62.8859    -319.359    66.7934
-263    -160    380    62.8267    -319.372    66.8592
-263    -160    380    62.7973    -319.378    66.8919
-263    -160    380    62.7394    -319.391    66.9563
-263    -160    380    62.7106    -319.398    66.9882
-263    -160    380    62.6539    -319.41    67.0512
-263    -160    380    62.6258    -319.416    67.0825
-263    -160    380    62.5704    -319.429    67.144
-263    -160    380    62.5429    -319.435    67.1746
-263    -160    380    62.4887    -319.447    67.2347
-263    -160    380    62.4618    -319.453    67.2646
-263    -160    380    62.4089    -319.465    67.3234
-263    -160    380    62.3826    -319.471    67.3526
-263    -160    380    62.3309    -319.482    67.4101
-263    -160    380    62.3052    -319.488    67.4386
-263    -160    380    62.2547    -319.499    67.4947
-263    -160    380    62.2297    -319.505    67.5226
-263    -160    380    62.1803    -319.515    67.5774
-263    -160    380    62.1558    -319.521    67.6046
-263    -160    380    62.1077    -319.532    67.6581
-263    -160    380    62.0838    -319.537    67.6847
-263    -160    380    62.0368    -319.547    67.7369
-263    -160    380    62.0135    -319.553    67.7628
-263    -160    380    61.9676    -319.563    67.8138
-263    -160    380    61.9449    -319.568    67.8391
-263    -160    380    61.9001    -319.578    67.8887
-263    -160    380    61.8779    -319.583    67.9134
-263    -160    380    61.8343    -319.592    67.9619
-263    -160    380    61.8127    -319.597    67.9859
-263    -160    380    61.7702    -319.607    68.0332
-263    -160    380    61.749    -319.611    68.0566
-263    -160    380    61.7076    -319.621    68.1027
-263    -160    380    61.687    -319.625    68.1255
-263    -160    380    61.6467    -319.634    68.1704
-263    -160    380    61.6266    -319.639    68.1926
-263    -160    380    61.5873    -319.647    68.2363
-263    -160    380    61.5678    -319.652    68.258
-263    -160    380    61.5295    -319.66    68.3005
-263    -160    380    61.5105    -319.664    68.3216
-263    -160    380    61.4733    -319.673    68.3631
-263    -160    380    61.4548    -319.677    68.3836
-263    -160    380    61.4185    -319.685    68.4239
-263    -160    380    61.4005    -319.689    68.4439
-263    -160    380    61.3652    -319.697    68.4831
-263    -160    380    61.3477    -319.701    68.5025
-263    -160    380    61.3134    -319.708    68.5406
-263    -160    380    61.2964    -319.712    68.5595
-263    -160    380    61.2631    -319.719    68.5966
-263    -160    380    61.2465    -319.723    68.6149
-263    -160    380    61.2141    -319.73    68.6509
-263    -160    380    61.1981    -319.734    68.6688
-263    -160    380    61.1666    -319.741    68.7038
-263    -160    380    61.151    -319.744    68.7211
-263    -160    380    61.1204    -319.751    68.7551
-263    -160    380    61.1053    -319.754    68.7719
-263    -160    380    61.0756    -319.761    68.8049
-263    -160    380    61.0609    -319.764    68.8212
-263    -160    380    61.0321    -319.771    68.8532
-263    -160    380    61.0178    -319.774    68.8691
-263    -160    380    60.9899    -319.78    68.9001
-263    -160    380    60.9761    -319.783    68.9155
-263    -160    380    60.949    -319.789    68.9455
-263    -160    380    60.9356    -319.792    68.9605
-263    -160    380    60.9093    -319.798    68.9896
-263    -160    380    60.8963    -319.801    69.0041
-263    -160    380    60.8709    -319.806    69.0323
-263    -160    380    60.8583    -319.809    69.0463
-263    -160    380    60.8337    -319.815    69.0737
-263    -160    380    60.8215    -319.817    69.0872
-263    -160    380    60.7977    -319.823    69.1137
-263    -160    380    60.7859    -319.825    69.1268
-263    -160    380    60.7628    -319.83    69.1525
-263    -160    380    60.7514    -319.833    69.1651
-263    -160    380    60.7291    -319.838    69.1899
-263    -160    380    60.718    -319.84    69.2022
-263    -160    380    60.6964    -319.845    69.2262
-263    -160    380    60.6858    -319.848    69.238
-263    -160    380    60.6649    -319.852    69.2612
-263    -160    380    60.6546    -319.855    69.2727
-263    -160    380    60.6345    -319.859    69.295
-263    -160    380    60.6245    -319.861    69.3061
-263    -160    380    60.6051    -319.866    69.3277
-263    -160    380    60.5954    -319.868    69.3384
-263    -160    380    60.5767    -319.872    69.3592
-263    -160    380    60.5674    -319.874    69.3696
-263    -160    380    60.5493    -319.878    69.3897
-263    -160    380    60.5404    -319.88    69.3996
-263    -160    380    60.5229    -319.884    69.419
-263    -160    380    60.5143    -319.886    69.4286
-263    -160    380    60.4975    -319.889    69.4473
-263    -160    380    60.4892    -319.891    69.4565
-263    -160    380    60.473    -319.895    69.4745
-263    -160    380    60.465    -319.897    69.4834
-263    -160    380    60.4494    -319.9    69.5007
-263    -160    380    60.4417    -319.902    69.5093
-263    -160    380    60.4267    -319.905    69.5259
-263    -160    380    60.4193    -319.907    69.5341
-263    -160    380    60.4049    -319.91    69.5502
-263    -160    380    60.3977    -319.912    69.5581
-263    -160    380    60.3839    -319.915    69.5735
-263    -160    380    60.377    -319.916    69.5811
-263    -160    380    60.3637    -319.919    69.5959
-263    -160    380    60.3571    -319.921    69.6032
-263    -160    380    60.3444    -319.923    69.6174
-263    -160    380    60.3381    -319.925    69.6244
-263    -160    380    60.3258    -319.928    69.638
-263    -160    380    60.3198    -319.929    69.6447
-263    -160    380    60.308    -319.932    69.6578
-263    -160    380    60.3022    -319.933    69.6642
-263    -160    380    60.291    -319.935    69.6767
-263    -160    380    60.2854    -319.937    69.6829
-263    -160    380    60.2746    -319.939    69.6949
-263    -160    380    60.2693    -319.94    69.7008
-263    -160    380    60.259    -319.942    69.7122
-263    -160    380    60.2539    -319.944    69.7179
-263    -160    380    60.2441    -319.946    69.7288
-263    -160    380    60.2392    -319.947    69.7342
-263    -160    380    60.2298    -319.949    69.7447
-263    -160    380    60.2251    -319.95    69.7499
-263    -160    380    60.2161    -319.952    69.7599
-263    -160    380    60.2117    -319.953    69.7648
-263    -160    380    60.2031    -319.955    69.7743
-263    -160    380    60.1989    -319.956    69.779
-263    -160    380    60.1907    -319.958    69.7881
-263    -160    380    60.1867    -319.959    69.7926
-263    -160    380    60.1789    -319.96    69.8012
-263    -160    380    60.175    -319.961    69.8055
-263    -160    380    60.1676    -319.963    69.8138
-263    -160    380    60.164    -319.964    69.8178
-263    -160    380    60.1569    -319.965    69.8257
-263    -160    380    60.1534    -319.966    69.8295
-263    -160    380    60.1467    -319.967    69.837
-263    -160    380    60.1434    -319.968    69.8406
-263    -160    380    60.1371    -319.97    69.8477
-263    -160    380    60.1339    -319.97    69.8512
-263    -160    380    60.1279    -319.972    69.8579
-263    -160    380    60.1249    -319.972    69.8612
-263    -160    380    60.1192    -319.974    69.8676
-263    -160    380    60.1164    -319.974    69.8707
-263    -160    380    60.1109    -319.975    69.8767
-263    -160    380    60.1083    -319.976    69.8797
-263    -160    380    60.1032    -319.977    69.8854
-263    -160    380    60.1006    -319.978    69.8882
-263    -160    380    60.0958    -319.979    69.8936
-263    -160    380    60.0934    -319.979    69.8962
-263    -160    380    60.0888    -319.98    69.9013
-263    -160    380    60.0866    -319.981    69.9038
-263    -160    380    60.0823    -319.982    69.9086
-263    -160    380    60.0802    -319.982    69.9109
-263    -160    380    60.0761    -319.983    69.9155
-263    -160    380    60.0741    -319.984    69.9177
-263    -160    380    60.0703    -319.984    69.9219
-263    -160    380    60.0684    -319.985    69.924
-263    -160    380    60.0648    -319.986    69.928
-263    -160    380    60.063    -319.986    69.93
-263    -160    380    60.0597    -319.987    69.9337
-263    -160    380    60.058    -319.987    69.9355
-263    -160    380    60.0549    -319.988    69.939
-263    -160    380    60.0533    -319.988    69.9408
-263    -160    380    60.0503    -319.989    69.9441
-263    -160    380    60.0489    -319.989    69.9457
-263    -160    380    60.0461    -319.99    69.9487
-263    -160    380    60.0448    -319.99    69.9502
-263    -160    380    60.0422    -319.991    69.9531
-263    -160    380    60.0409    -319.991    69.9545
-263    -160    380    60.0385    -319.991    69.9572
-263    -160    380    60.0373    -319.992    69.9585
-263    -160    380    60.0351    -319.992    69.961
-263    -160    380    60.034    -319.992    69.9622
-263    -160    380    60.0319    -319.993    69.9645
-263    -160    380    60.0309    -319.993    69.9657
-263    -160    380    60.029    -319.994    69.9678
-263    -160    380    60.028    -319.994    69.9688
-263    -160    380    60.0262    -319.994    69.9708
-263    -160    380    60.0254    -319.994    69.9718
-263    -160    380    60.0237    -319.995    69.9736
-263    -160    380    60.0229    -319.995    69.9745
-263    -160    380    60.0214    -319.995    69.9762
-263    -160    380    60.0206    -319.995    69.9771
-263    -160    380    60.0192    -319.996    69.9786
-263    -160    380    60.0186    -319.996    69.9794
-263    -160    380    60.0173    -319.996    69.9808
-263    -160    380    60.0166    -319.996    69.9815
-263    -160    380    60.0154    -319.997    69.9828
-263    -160    380    60.0149    -319.997    69.9835
-263    -160    380    60.0138    -319.997    69.9847
-263    -160    380    60.0133    -319.997    69.9853
-263    -160    380    60.0123    -319.997    69.9864
-263    -160    380    60.0118    -319.997    69.9869
-263    -160    380    60.0109    -319.998    69.9879
-263    -160    380    60.0104    -319.998    69.9884
-263    -160    380    60.0096    -319.998    69.9893
-263    -160    380    60.0092    -319.998    69.9897
-263    -160    380    60.0085    -319.998    69.9906
-263    -160    380    60.0081    -319.998    69.991
-263    -160    380    60.0075    -319.998    69.9917
-263    -160    380    60.0071    -319.998    69.9921
-263    -160    380    60.0065    -319.999    69.9928
-263    -160    380    60.0062    -319.999    69.9931
-263    -160    380    60.0057    -319.999    69.9937
-263    -160    380    60.0054    -319.999    69.994
-263    -160    380    60.0049    -319.999    69.9945
-263    -160    380    60.0047    -319.999    69.9948
-263    -160    380    60.0043    -319.999    69.9953
-263    -160    380    60.0041    -319.999    69.9955
-263    -160    380    60.0037    -319.999    69.9959
-263    -160    380    60.0035    -319.999    69.9961
-263    -160    380    60.0032    -319.999    69.9965
-263    -160    380    60.003    -319.999    69.9967
-263    -160    380    60.0027    -319.999    69.997
-263    -160    380    60.0025    -319.999    69.9972
-263    -160    380    60.0023    -319.999    69.9975
-263    -160    380    60.0022    -320    69.9976
-263    -160    380    60.0019    -320    69.9979
-263    -160    380    60.0018    -320    69.998
-263    -160    380    60.0016    -320    69.9982
-263    -160    380    60.0015    -320    69.9983
-263    -160    380    60.0013    -320    69.9985
-263    -160    380    60.0013    -320    69.9986
-263    -160    380    60.0011    -320    69.9988
-263    -160    380    60.001    -320    69.9988
-263    -160    380    60.0009    -320    69.999
-263    -160    380    60.0009    -320    69.999
-263    -160    380    60.0007    -320    69.9992
-263    -160    380    60.0007    -320    69.9992
-263    -160    380    60.0006    -320    69.9993
-263    -160    380    60.0006    -320    69.9994
-263    -160    380    60.0005    -320    69.9995
-263    -160    380    60.0005    -320    69.9995
-263    -160    380    60.0004    -320    69.9996
-263    -160    380    60.0004    -320    69.9996
-263    -160    380    60.0003    -320    69.9997
-263    -160    380    60.0003    -320    69.9997
-263    -160    380    60.0002    -320    69.9997
-263    -160    380    60.0002    -320    69.9998
-263    -160    380    60.0002    -320    69.9998
-263    -160    380    60.0002    -320    69.9998
-263    -160    380    60.0001    -320    69.9998
-263    -160    380    60.0001    -320    69.9999
-263    -160    380    60.0001    -320    69.9999
-263    -160    380    60.0001    -320    69.9999
-263    -160    380    60.0001    -320    69.9999
-263    -160    380    60.0001    -320    69.9999
-263    -160    380    60.0001    -320    69.9999
-263    -160    380    60.0001    -320    69.9999
-263    -160    380    60    -320    69.9999
-263    -160    380    60    -320    70
-263    -160    380    60    -320    70
-263    -160    380    60    -320    70
-263    -160    380    60    -320    70
-263    -160    380    60    -320    70
-263    -160    380    60    -320    70
-263    -160    380    60    -320    70
