  -352
    29
  -308
   -23
  -260
   -65
  -210
  -120
  -355
    59
  -355
    59
  -310
     0
  -310
     0
  -260
   -50
  -260
   -50
  -355
    59
  -355
    59
  -355
    59
  -355
    59
  -355
    59
  -310
     0
  -310
     0
  -310
     0
  -310
     0
  -310
     0
  -310
     0
  -310
     0
  -310
     0
  -310
     0
  -310
     0
  -273
   -40
  -273
   -40
  -273
   -40
  -273
   -40
  -273
   -40
  -273
   -40
  -273
   -40
  -273
   -40
  -273
   -40
  -210
  -110
  -210
  -110
  -210
  -110
  -210
  -110
  -210
  -110
  -210
  -110
  -210
  -110
  -210
  -110
    91
    85
    90
    83
    90
    83
    90
    83
   100
    96
   100
    96
   100
    96
   100
    96
   100
    96
   100
    96
    50
    50
     0
     0
   -50
   -50
   -50
   -50
     0
     0
    50
    50
     0
     0
   -50
   -50
   -50
   -50
   -50
   -50
     0
     0
     0
     0
    50
    50
    50
    50
   100
    96
    91
    78
    91
    78
    40
    30
    40
    30
   -30
   -30
   -30
   -30
   -30
   -30
    50
    50
    93
    93
    80
    80
    93
    80
    45
    45
    45
    45
    45
    45
   -10
   -10
   -10
   -10
   -30
   -30
    71
    71
    49
    65
    49
    65
    49
    65
    72
    90
   -18
     0
    72
    90
   -18
     0
    72
    90
   -18
     0
    72
    90
    72
    85
    72
    85
     8
     0
   -18
     0
    72
    85
    72
    85
    72
    85
   -18
     0
   172
   185
   172
   185
   -18
     0
   -18
     0
   172
   185
   -18
     0
    52
    73
   -15
   -10
    65
    73
   -15
   -10
    65
    73
   -15
   -10
   165
   173
   165
   173
   165
   173
   -18
     0
    72
    73
    72
    72
     0
     0
   172
   195
    72
    72
     0
     0
   172
   185