0    0.00416042
1    0.00374747
2    0.00335682
3    0.00298835
4    0.00264194
5    0.00231746
6    0.0020148
7    0.00173384
8    0.00147445
9    0.0012365
10    0.00101989
11    0.000824475
12    0.000650148
13    0.000496783
14    0.000364259
15    0.000252455
16    0.00016125
17    9.05227e-005
18    4.01521e-005
19    1.0018e-005
20    0
21    9.97801e-006
22    3.98322e-005
23    8.94429e-005
24    0.000158691
25    0.000247457
26    0.000355623
27    0.000483069
28    0.000629678
29    0.000795332
30    0.000979914
31    0.00118331
32    0.00140539
33    0.00164605
34    0.00190517
35    0.00218264
36    0.00247834
37    0.00279215
38    0.00312396
39    0.00347366
40    0.00384113
41    0.00422626
42    0.00462893
43    0.00504904
44    0.00548647
45    0.00594111
46    0.00641285
47    0.00690158
48    0.00740718
49    0.00792956
50    0.00846859
51    0.00902418
52    0.0095962
53    0.0101846
54    0.0107892
55    0.0114099
56    0.0120466
57    0.0126992
58    0.0133677
59    0.0140518
60    0.0147515
61    0.0154668
62    0.0161974
63    0.0169433
64    0.0177044
65    0.0184805
66    0.0192717
67    0.0200777
68    0.0208985
69    0.0217341
70    0.0225841
71    0.0234487
72    0.0243277
73    0.0252209
74    0.0261284
75    0.02705
76    0.0279855
77    0.028935
78    0.0298983
79    0.0308754
80    0.031866
81    0.0328702
82    0.0338879
83    0.0349189
84    0.0359632
85    0.0370206
86    0.0380912
87    0.0391747
88    0.0402712
89    0.0413805
90    0.0425025
91    0.0436372
92    0.0447845
93    0.0459442
94    0.0471163
95    0.0483008
96    0.0494975
97    0.0507063
98    0.0519272
99    0.0531601
100    0.0544049
101    0.0556616
102    0.05693
103    0.05821
104    0.0595016
105    0.0608048
106    0.0621194
107    0.0634453
108    0.0647826
109    0.066131
110    0.0674906
111    0.0688613
112    0.0702429
113    0.0716354
114    0.0730388
115    0.074453
116    0.0758779
117    0.0773134
118    0.0787594
119    0.080216
120    0.0816829
121    0.0831603
122    0.0846479
123    0.0861457
124    0.0876537
125    0.0891718
126    0.0906999
127    0.0922379
128    0.0937859
129    0.0953437
130    0.0969112
131    0.0984885
132    0.100075
133    0.101672
134    0.103278
135    0.104893
136    0.106518
137    0.108153
138    0.109796
139    0.111449
140    0.113111
141    0.114782
142    0.116462
143    0.118151
144    0.119849
145    0.121556
146    0.123272
147    0.124996
148    0.12673
149    0.128472
150    0.130222
151    0.131982
152    0.133749
153    0.135526
154    0.13731
155    0.139103
156    0.140905
157    0.142714
158    0.144532
159    0.146358
160    0.148193
161    0.150035
162    0.151885
163    0.153744
164    0.15561
165    0.157484
166    0.159366
167    0.161256
168    0.163154
169    0.16506
170    0.166973
171    0.168894
172    0.170822
173    0.172759
174    0.174702
175    0.176653
176    0.178612
177    0.180578
178    0.182552
179    0.184532
180    0.186521
181    0.188516
182    0.190519
183    0.192529
184    0.194546
185    0.19657
186    0.198601
187    0.20064
188    0.202685
189    0.204737
190    0.206797
191    0.208863
192    0.210936
193    0.213017
194    0.215104
195    0.217198
196    0.219298
197    0.221406
198    0.22352
199    0.225641
200    0.227768
201    0.229902
202    0.232043
203    0.234191
204    0.236345
205    0.238505
206    0.240672
207    0.242846
208    0.245026
209    0.247212
210    0.249405
211    0.251605
212    0.25381
213    0.256022
214    0.258241
215    0.260466
216    0.262697
217    0.264934
218    0.267177
219    0.269427
220    0.271683
221    0.273945
222    0.276214
223    0.278488
224    0.280769
225    0.283056
226    0.285348
227    0.287647
228    0.289952
229    0.292263
230    0.294581
231    0.296904
232    0.299233
233    0.301568
234    0.303909
235    0.306256
236    0.308609
237    0.310968
238    0.313333
239    0.315704
240    0.31808
241    0.320463
242    0.322851
243    0.325245
244    0.327646
245    0.330052
246    0.332463
247    0.334881
248    0.337304
249    0.339734
250    0.342169
251    0.344609
252    0.347056
253    0.349508
254    0.351966
255    0.35443
256    0.3569
257    0.359375
258    0.361856
259    0.364343
260    0.366835
261    0.369334
262    0.371838
263    0.374347
264    0.376863
265    0.379384
266    0.38191
267    0.384443
268    0.386981
269    0.389524
270    0.392074
271    0.394629
272    0.39719
273    0.399756
274    0.402328
275    0.404906
276    0.40749
277    0.410079
278    0.412674
279    0.415274
280    0.41788
281    0.420492
282    0.42311
283    0.425733
284    0.428362
285    0.430996
286    0.433636
287    0.436282
288    0.438934
289    0.441591
290    0.444254
291    0.446922
292    0.449597
293    0.452277
294    0.454963
295    0.457654
296    0.460351
297    0.463054
298    0.465763
299    0.468477
300    0.471197
301    0.473923
302    0.476655
303    0.479392
304    0.482135
305    0.484884
306    0.487639
307    0.490399
308    0.493165
309    0.495937
310    0.498715
311    0.501499
312    0.504289
313    0.507084
314    0.509885
315    0.512692
316    0.515505
317    0.518324
318    0.521149
319    0.52398
320    0.526816
321    0.529659
322    0.532508
323    0.535362
324    0.538223
325    0.541089
326    0.543961
327    0.54684
328    0.549724
329    0.552615
330    0.555512
331    0.558414
332    0.561323
333    0.564238
334    0.567159
335    0.570086
336    0.573019
337    0.575959
338    0.578904
339    0.581856
340    0.584814
341    0.587779
342    0.590749
343    0.593726
344    0.596709
345    0.599698
346    0.602694
347    0.605696
348    0.608705
349    0.61172
350    0.614741
351    0.617769
352    0.620803
353    0.623843
354    0.626891
355    0.629944
356    0.633004
357    0.636071
358    0.639144
359    0.642224
360    0.645311
361    0.648404
362    0.651504
363    0.65461
364    0.657724
365    0.660844
366    0.663971
367    0.667104
368    0.670245
369    0.673392
370    0.676546
371    0.679707
372    0.682875
373    0.68605
374    0.689232
375    0.692421
376    0.695617
377    0.69882
378    0.70203
379    0.705247
380    0.708471
381    0.711703
382    0.714941
383    0.718187
384    0.721441
385    0.724701
386    0.727969
387    0.731244
388    0.734527
389    0.737817
390    0.741114
391    0.744419
392    0.747732
393    0.751052
394    0.754379
395    0.757714
396    0.761057
397    0.764408
398    0.767766
399    0.771132
400    0.774506
401    0.777887
402    0.781277
403    0.784674
404    0.78808
405    0.791493
406    0.794914
407    0.798343
408    0.801781
409    0.805226
410    0.80868
411    0.812142
412    0.815612
413    0.81909
414    0.822577
415    0.826072
416    0.829575
417    0.833087
418    0.836608
419    0.840136
420    0.843674
421    0.84722
422    0.850775
423    0.854338
424    0.85791
425    0.861491
426    0.86508
427    0.868679
428    0.872286
429    0.875903
430    0.879528
431    0.883162
432    0.886806
433    0.890459
434    0.89412
435    0.897791
436    0.901472
437    0.905161
438    0.90886
439    0.912569
440    0.916287
441    0.920014
442    0.923751
443    0.927498
444    0.931254
445    0.93502
446    0.938796
447    0.942581
448    0.946377
449    0.950182
450    0.953998
451    0.957823
452    0.961659
453    0.965505
454    0.969361
455    0.973227
456    0.977103
457    0.98099
458    0.984887
459    0.988795
460    0.992714
461    0.996643
462    1.00058
463    1.00453
464    1.00849
465    1.01247
466    1.01645
467    1.02044
468    1.02445
469    1.02846
470    1.03249
471    1.03653
472    1.04058
473    1.04464
474    1.04871
475    1.0528
476    1.05689
477    1.061
478    1.06512
479    1.06925
480    1.07339
481    1.07754
482    1.08171
483    1.08589
484    1.09008
485    1.09428
486    1.0985
487    1.10272
488    1.10696
489    1.11121
490    1.11548
491    1.11976
492    1.12405
493    1.12835
494    1.13266
495    1.13699
496    1.14133
497    1.14569
498    1.15005
499    1.15443
500    1.15883
501    1.16323
502    1.16766
503    1.17209
504    1.17654
505    1.181
506    1.18547
507    1.18996
508    1.19447
509    1.19898
510    1.20351
511    1.20806
512    1.21262
513    1.21719
514    1.22178
515    1.22639
516    1.231
517    1.23564
518    1.24028
519    1.24495
520    1.24963
521    1.25432
522    1.25903
523    1.26375
524    1.26849
525    1.27324
526    1.27801
527    1.2828
528    1.2876
529    1.29242
530    1.29725
531    1.3021
532    1.30697
533    1.31185
534    1.31675
535    1.32166
536    1.32659
537    1.33154
538    1.33651
539    1.34149
540    1.34649
541    1.3515
542    1.35654
543    1.36159
544    1.36666
545    1.37175
546    1.37685
547    1.38197
548    1.38711
549    1.39227
550    1.39745
551    1.40264
552    1.40786
553    1.41309
554    1.41834
555    1.42361
556    1.4289
557    1.43421
558    1.43954
559    1.44488
560    1.45025
561    1.45563
562    1.46104
563    1.46647
564    1.47191
565    1.47738
566    1.48286
567    1.48837
568    1.4939
569    1.49945
570    1.50502
571    1.51061
572    1.51622
573    1.52185
574    1.52751
575    1.53318
576    1.53888
577    1.5446
578    1.55034
579    1.55611
580    1.56189
581    1.5677
582    1.57353
583    1.57939
584    1.58527
585    1.59117
586    1.59709
587    1.60304
588    1.60901
589    1.61501
590    1.62103
591    1.62707
592    1.63314
593    1.63923
594    1.64535
595    1.6515
596    1.65766
597    1.66386
598    1.67008
599    1.67632
600    1.68259
601    1.68889
602    1.69521
603    1.70156
604    1.70794
605    1.71434
606    1.72077
607    1.72723
608    1.73372
609    1.74023
610    1.74677
611    1.75334
612    1.75994
613    1.76656
614    1.77322
615    1.7799
616    1.78661
617    1.79336
618    1.80013
619    1.80693
620    1.81376
621    1.82063
622    1.82752
623    1.83444
624    1.8414
625    1.84838
626    1.8554
627    1.86245
628    1.86953
629    1.87665
630    1.88379
631    1.89097
632    1.89819
633    1.90543
634    1.91271
635    1.92002
636    1.92737
637    1.93475
638    1.94217
639    1.94962
640    1.95711
641    1.96463
642    1.97219
643    1.97978
644    1.98742
645    1.99508
646    2.00279
647    2.01053
648    2.01831
649    2.02613
650    2.03398
651    2.04188
652    2.04981
653    2.05778
654    2.0658
655    2.07385
656    2.08194
657    2.09007
658    2.09825
659    2.10646
660    2.11472
661    2.12302
662    2.13136
663    2.13974
664    2.14817
665    2.15664
666    2.16515
667    2.17371
668    2.18231
669    2.19096
670    2.19965
671    2.20839
672    2.21718
673    2.22601
674    2.23488
675    2.24381
676    2.25278
677    2.2618
678    2.27087
679    2.27999
680    2.28916
681    2.29838
682    2.30765
683    2.31697
684    2.32634
685    2.33576
686    2.34524
687    2.35477
688    2.36435
689    2.37398
690    2.38367
691    2.39342
692    2.40322
693    2.41307
694    2.42298
695    2.43295
696    2.44297
697    2.45306
698    2.4632
699    2.4734
700    2.48366
701    2.49398
702    2.50436
703    2.5148
704    2.5253
705    2.53587
706    2.5465
707    2.55719
708    2.56794
709    2.57877
710    2.58965
711    2.60061
712    2.61163
713    2.62271
714    2.63387
715    2.64509
716    2.65638
717    2.66775
718    2.67918
719    2.69069
720    2.70227
721    2.71392
722    2.72564
723    2.73744
724    2.74932
725    2.76127
726    2.7733
727    2.7854
728    2.79758
729    2.80985
730    2.82219
731    2.83461
732    2.84712
733    2.85971
734    2.87238
735    2.88513
736    2.89798
737    2.9109
738    2.92392
739    2.93702
740    2.95021
741    2.96349
742    2.97686
743    2.99033
744    3.00388
745    3.01753
746    3.03128
747    3.04512
748    3.05906
749    3.0731
750    3.08723
751    3.10147
752    3.1158
753    3.13024
754    3.14479
755    3.15944
756    3.17419
757    3.18905
758    3.20402
759    3.2191
760    3.2343
761    3.2496
762    3.26502
763    3.28055
764    3.2962
765    3.31196
766    3.32785
767    3.34385
768    3.35998
769    3.37623
770    3.39261
771    3.40911
772    3.42574
773    3.4425
774    3.45939
775    3.47642
776    3.49357
777    3.51087
778    3.5283
779    3.54587
780    3.56358
781    3.58143
782    3.59943
783    3.61758
784    3.63587
785    3.65431
786    3.67291
787    3.69166
788    3.71057
789    3.72963
790    3.74885
791    3.76824
792    3.78779
793    3.80751
794    3.82739
795    3.84745
796    3.86768
797    3.88808
798    3.90866
799    3.92943
800    3.95037
801    3.9715
802    3.99282
803    4.01433
804    4.03603
805    4.05793
806    4.08002
807    4.10232
808    4.12482
809    4.14753
810    4.17044
811    4.19357
812    4.21692
813    4.24048
814    4.26427
815    4.28828
816    4.31252
817    4.33699
818    4.3617
819    4.38664
820    4.41183
821    4.43726
822    4.46295
823    4.48888
824    4.51508
825    4.54153
826    4.56825
827    4.59524
828    4.6225
829    4.65004
830    4.67786
831    4.70597
832    4.73437
833    4.76306
834    4.79205
835    4.82135
836    4.85096
837    4.88088
838    4.91112
839    4.94169
840    4.97259
841    5.00382
842    5.0354
843    5.06732
844    5.09959
845    5.13223
846    5.16522
847    5.19859
848    5.23234
849    5.26647
850    5.30099
851    5.33591
852    5.37123
853    5.40697
854    5.44312
855    5.4797
856    5.51671
857    5.55417
858    5.59207
859    5.63043
860    5.66926
861    5.70856
862    5.74835
863    5.78863
864    5.82941
865    5.8707
866    5.91251
867    5.95485
868    5.99774
869    6.04117
870    6.08517
871    6.12974
872    6.17489
873    6.22064
874    6.267
875    6.31398
876    6.36158
877    6.40984
878    6.45875
879    6.50834
880    6.55861
881    6.60957
882    6.66126
883    6.71367
884    6.76683
885    6.82075
886    6.87544
887    6.93093
888    6.98723
889    7.04436
890    7.10234
891    7.16118
892    7.2209
893    7.28153
894    7.34309
895    7.40559
896    7.46906
897    7.53352
898    7.599
899    7.66551
900    7.73308
901    7.80173
902    7.8715
903    7.94241
904    8.01449
905    8.08775
906    8.16225
907    8.23799
908    8.31502
909    8.39337
910    8.47307
911    8.55416
912    8.63666
913    8.72062
914    8.80607
915    8.89305
916    8.98161
917    9.07178
918    9.16361
919    9.25714
920    9.35241
921    9.44948
922    9.54839
923    9.6492
924    9.75195
925    9.8567
926    9.9635
927    10.0724
928    10.1835
929    10.2968
930    10.4124
931    10.5304
932    10.6508
933    10.7737
934    10.8992
935    11.0273
936    11.1582
937    11.2919
938    11.4284
939    11.5679
940    11.7105
941    11.8562
942    12.0052
943    12.1576
944    12.3133
945    12.4726
946    12.6356
947    12.8023
948    12.9728
949    13.1474
950    13.326
951    13.5089
952    13.696
953    13.8876
954    14.0838
955    14.2847
956    14.4903
957    14.7009
958    14.9166
959    15.1374
960    15.3634
961    15.5949
962    15.8318
963    16.0743
964    16.3225
965    16.5763
966    16.8359
967    17.1013
968    17.3724
969    17.6492
970    17.9316
971    18.2196
972    18.5128
973    18.8111
974    19.114
975    19.4213
976    19.7322
977    20.0461
978    20.3622
979    20.6795
980    20.9966
981    21.3122
982    21.6243
983    21.931
984    22.2297
985    22.5175
986    22.7909
987    23.046
988    23.2782
989    23.4821
990    23.6518
991    23.7805
992    23.8605
993    23.8834
994    23.84
995    23.7206
996    23.5149
997    23.2124
998    22.8029
999    22.2768
