   229
   145
   305
   144
    13
   131
    87
   128
   195
   143
   270
   144
    61
   128
   122
   127
   170
   142
   245
   143
    85
   133
   157
   128
   141
   133
   219
   131
   110
   130
   178
   124
   244
   149
   313
   148
     7
   128
    80
   126
   229
   191
   291
   185
    37
   169
   102
   165
   202
   152
   276
   148
    44
   132
   119
   124
   197
   184
   257
   181
    59
   170
   121
   166
   163
   148
   237
   139
    81
   137
   154
   127
   166
   185
   227
   179
    91
   172
   151
   168
   223
   113
   286
   110
    19
   110
    79
   103
   214
    91
   271
    94
    29
    99
    91
    97
   204
    77
   264
    81
    36
    76
    93
    75
   201
   114
   253
   114
    56
   114
   106
   115
   205
   126
   259
   134
    51
   136
   107
   132
   193
   108
   262
   111
    47
   116
   117
   112
   194
    94
   257
    94
    53
   100
   116
    95
   186
    74
   249
    79
    58
    76
   118
    78
   182
   113
   238
   118
    75
   116
   125
   116
   192
    26
   261
    32
    36
    25
   103
    19
   201
    35
   272
    46
    29
    32
   102
    37
   187
   133
   243
   138
    65
   127
   118
   130
   192
   144
   254
   150
    54
   149
   112
   152
   205
    52
   284
    63
    11
    58
    90
    52
   195
   167
   252
   175
    51
   173
   113
   178
   168
   131
   241
   132
    64
   133
   134
   139
   164
   172
   225
   177
    79
   167
   142
   169
   160
   109
   228
   116
    74
   103
   142
   109
   159
   146
   220
   151
    84
   148
   144
   152
   157
    89
   222
    97
    78
    94
   142
    94
   157
   130
   214
   136
    89
   127
   145
   131
   162
    36
   237
    41
    61
    37
   139
    41
   161
    52
   246
    60
    52
    49
   137
    54
   169
    73
   257
    84
    51
    75
   143
    79
   135
   170
   200
   177
   101
   175
   162
   182
   137
   135
   214
   143
    93
   135
   168
   141
   130
   108
   197
   116
    93
   114
   166
   118
   137
   153
   197
   150
   112
   150
   170
   152
   128
    60
   209
    64
    78
    54
   165
    57
   131
    92
   201
   100
   102
    95
   170
   100
   136
   130
   192
   134
   112
   129
   168
   133
   133
    43
   208
    45
    83
    30
   159
    33