
   283
   225
   252
   224
   218
   224
   188
   224
   161
   224
   131
   221
   106
   221
    78
   220
    52
   218
    25
   215
     3
   215
   265
   196
   242
   198
   213
   198
   187
   199
   161
   198
   136
   198
   112
   194
    83
   192
    61
   190
    33
   189
    13
   185
   260
   177
   237
   176
   210
   176
   182
   175
   162
   175
   138
   173
   115
   171
    86
   171
    66
   169
    42
   167
    20
   167
   255
   154
   233
   150
   207
   151
   184
   153
   163
   151
   140
   151
   116
   149
    95
   150
    74
   145
    54
   145
    30
   145
   249
   137
   225
   134
   205
   137
   184
   134
   161
   136
   138
   131
   120
   135
   101
   132
    78
   132
    59
   130
    37
   130
   243
   118
   223
   118
   202
   119
   184
   120
   163
   116
   144
   117
   124
   116
   108
   116
    83
   115
    63
   115
    42
   112
   239
   105
   220
   107
   203
   102
   203
   102
   180
   103
   162
   103
   142
   103
   125
   101
   108
   101
    84
   102
    69
   100