 -7.2063055e-001
 -3.7048967e-001
 -2.2883375e-002
 -1.1933071e-001
  2.9957694e-001
  1.2815110e+000
 -6.9543165e-001
  6.2182352e-001
 -4.9352595e-001
 -1.2346207e-001
  4.9800280e+000
 -1.9028171e+000
 -8.8420914e-001
  9.8487311e-001
 -4.5348144e-001
 -3.3947799e-001
 -1.0316452e+000
  1.5710885e-001
  9.5919048e-001
 -1.7344352e-001
 -2.7084387e-001
  7.3216292e-001
 -3.2648103e-001
 -1.4178088e+000
 -3.9675256e-001
 -9.0899561e-001
  1.1461563e+000
  7.3920727e+000
 -1.9256792e-001
  4.1516700e-001
 -8.1022325e-001
  1.1177762e+000
