  -2.6041987e-01
   3.2448107e+01
   3.9049443e+01
  -1.4775687e-01
  -7.3741257e-01
   2.2878788e-02
   6.4419503e+01
   1.7142884e+00
  -3.3546250e+00
  -8.4321129e-01
  -4.6010182e-01
  -7.5048372e-01
   4.6837800e-01
  -2.8738336e-02
  -1.2365181e+00
  -1.1332870e+00
   1.8130097e-01
  -8.9451301e-02
  -1.3484603e+00
  -4.2894880e-02
   6.4009654e-02
   1.9830491e-01
  -2.0025057e-01
   8.8294050e-01
   3.9232829e-01
  -2.4556824e+00
  -3.6716256e-01
   3.5648133e-01
  -8.2649723e-02
  -1.1603758e-01
   1.1778520e+00
   1.3554590e+00
