 -1.0319284e+001
 -7.0327693e+000
  7.2377330e+000
  9.7429232e+000
  1.0276263e+001
 -1.2310158e+001
  6.9965504e+000
 -4.0992447e+000
  1.0427929e+000
  1.1428823e+001
 -9.1605489e+000
 -3.3844355e+000
  8.7248874e+000
 -2.2604108e+000
 -8.4693080e+000
  1.7426146e+000
  7.9729820e-001
 -2.3172666e+000
  8.3549069e+000
  4.8381194e-001
  1.1932250e+001
 -1.1507894e+001
  4.7635569e+000
  5.5513840e-001
  8.8201401e-001
  1.1228202e+001
 -5.3725498e+000
  5.6634195e+000
 -2.6105095e+000
 -7.9661793e+000
  9.1921029e-001
 -9.1643704e+000
 -7.8293855e+000
  3.8124255e-002
  1.7024027e+001
  1.9736405e+001
 -1.8220317e+001
 -8.5928195e+000
 -6.8197202e+000
  1.3455194e+000
 -6.9862802e+000
