  -7.9062946e+00
  -9.9011163e-01
   4.6255696e+00
  -1.7326269e+00
   2.1460126e+00
  -8.0932431e+00
  -2.3604970e+00
  -5.9391326e+00
   2.8455068e-01
  -4.8715881e+00
   5.8655660e+00
   4.9182511e+00
   3.4032471e+00
   1.9887338e+00
   1.6782395e+00
  -9.1273272e+00
  -3.8153154e+00
  -9.7223498e+00
  -3.6786823e+00
  -1.8117856e+01
   1.1745526e+00
   2.1116144e+00
   1.5059951e+01
  -9.0918466e+00
   1.7298690e+00
  -1.4667752e+00
  -1.4055597e+01
   2.6408908e+00
  -5.5131738e+00
   4.7601846e+00
   4.1824891e+00
  -1.7197436e-01
  -1.9379961e+01
   2.6655694e+00
  -5.0448205e-01
   1.4124093e+00
   2.2432359e+00
  -2.4807768e-01
  -3.4938954e+00
  -4.1523287e+00
   9.4604689e+00
