  -1.3903121e+01  -6.3162792e-03  -3.7590697e-03   2.6760714e-01   6.7963509e+00   6.2363551e+00   2.3671017e-03  -5.4744524e-01  -4.6190589e-03  -1.1573772e-02   8.9354579e-01   5.0685024e-01  -2.2052477e+00   8.8166578e+00  -1.2676113e+00   6.2324650e-01   4.0230435e-01   3.0183720e+00  -2.4686573e-02  -1.9042596e+01  -4.8901341e+00  -2.4283109e-01  -1.9288835e+00   3.2388971e+00   1.3058816e+00  -3.9114794e-03  -1.1955245e+01  -9.7326777e+00   5.5955179e+00  -2.9481985e-01   1.0709589e+01  -4.2564392e+00
  -3.4824459e+01  -5.7308614e-03  -1.7925339e-03   2.2958500e-01   5.9268829e+00   4.7771500e+00   3.0599163e-03   5.0639406e-01   4.2890487e-03  -3.0189503e-02  -1.6317655e+00  -2.3133718e-01  -9.8075524e-01  -7.8748161e+00   5.0161370e-01   7.5957374e+00   1.6036930e+00  -1.7669712e+01   2.8586243e-01  -4.0914789e+01  -1.3958538e+01   1.8581526e+00   1.9457935e+00   2.0468326e+00  -6.5716460e-01   1.4186464e-02  -2.3432027e+01  -2.0100785e+01  -1.6644958e+01  -2.3346406e-01  -2.9502226e+00  -8.3528201e-01
   1.0112444e+01  -4.1452017e-03  -2.2363586e-04   7.4906161e-01   1.8107446e+00  -9.4218268e-01   1.0050367e-03   1.1723281e+00   1.1955300e-04  -1.0022887e-02  -4.1121980e-01  -2.5164744e+00  -3.7925422e+00   6.7138305e+00   1.8680568e-01  -3.6074086e-01  -8.1975841e+00   6.0042377e+00  -2.2146694e-01  -4.3405376e+00  -9.9900662e-01   4.7138473e-01  -1.5086641e+00  -2.7304738e+00  -1.0204715e+00  -3.6209132e-03  -1.9057331e+00   4.3961074e+00   5.2860422e+00  -7.4917258e-01  -5.1297496e+00   3.3064515e+00
  -3.2242961e+01  -7.8440999e-03   1.3613218e-03   2.3775877e-01  -1.7927950e-01   8.3208391e+00   1.7732780e-03   1.9621359e+00  -6.0028137e-03  -2.4727480e-02  -5.2100914e-01   3.8907388e+00  -8.9726557e-02   1.1801697e+01  -7.7515042e-01   2.0769084e+00  -8.4514581e-01  -1.3456421e+01   1.4032359e-01   7.4649107e+00   5.2133146e+00   1.2698760e+00   9.4520543e-01   4.0122255e-01  -1.1322274e+00   5.8940263e-03  -1.3591887e+00  -1.6783743e+01   1.3649391e-01  -2.3224815e-01  -3.1272182e+00   9.3528167e-01
  -3.9118294e+01  -3.0753447e-03   3.3325832e-03   1.1064367e-01   9.9701439e+00   8.8260912e+00   6.4222540e-04   2.0782418e+00   2.2195616e-04   1.2315357e-02  -2.8652377e+00   5.9580747e+00   2.6369088e+00  -1.0905937e+01   1.5614092e+00   9.1430374e+00   3.1376087e+00   3.7132925e+00   3.4121258e-01  -4.1397041e+01  -9.3007711e+00   3.0094938e+00   1.8413064e+00  -7.0322304e+00   1.6383182e+00  -7.6859743e-03  -3.0207603e+01  -1.9986183e+01  -3.1384138e+00  -1.0842657e-01  -1.4898655e+01   1.4413960e+01
  -2.8755037e+01   7.2189841e-03  -4.5861144e-03  -9.8545147e-02   1.1721580e+01   1.8266529e+01  -1.5284707e-04  -2.2807810e-01   5.5745702e-04   7.8172853e-03   3.9130528e-01   5.9126668e+00   3.5341874e+00   6.1331255e-01  -1.1187404e+00   2.9099380e+00   1.2999431e+01   2.4269167e+00   8.7591282e-01  -3.6654612e+01  -1.2957799e+01   3.3683786e+00  -9.1481573e-01  -2.5659466e+00  -9.3569539e-01  -5.3279694e-03  -2.6177942e+01  -1.4003206e+01   5.4177700e+00   8.8983287e-02   4.9886661e+00   1.5315326e+00
   5.1805857e+01  -4.2242121e-03   5.9980466e-03  -1.6851975e-01  -7.5919242e+00  -9.3115224e+00  -7.1730313e-04  -2.3597794e+00  -2.2007958e-03   4.3949158e-03   4.1263248e+00  -5.9875429e+00  -2.3813623e+00   8.9745551e+00  -2.6103152e+00  -1.1980957e+01  -3.4040702e+00   5.0306098e+00  -1.3565738e-03   3.5796013e+01   6.5611503e+00  -4.8612962e+00  -2.1756250e+00   9.2165017e+00   1.7098556e+00   4.6614098e-03   3.0414784e+01   2.8473286e+01   6.1333806e+00   1.7058448e-01   1.8198454e+01  -1.6149269e+01
  -3.0526264e+01  -6.1432679e-03   4.7342811e-03   2.2676049e-01   8.8914149e+00   1.3226649e+01   4.5208802e-03  -2.8997395e+00  -2.5700733e-03  -3.1754892e-02  -9.6961850e-01   6.8617661e+00   6.6379625e+00  -1.4961702e+01   1.2707637e+00   8.9594515e+00   4.6706521e+00  -1.5706440e+01   8.7682899e-01  -6.2949912e+01  -2.3733237e+01   3.9267508e+00   3.0776897e+00   2.2548889e+00   1.3185888e+00   1.5392443e-02  -3.3063219e+01  -8.0085383e+00  -1.6169986e+01  -2.5384514e-01  -6.9190838e+00   6.4918305e+00
  -2.2881331e+01  -1.3123935e-04  -9.1181720e-05  -3.1098049e-01  -8.6049423e+00   1.4490948e+00   5.8813067e-03  -8.0415259e-01   4.5436587e-03   2.0518633e-02   9.3691181e-01  -1.6309356e+00   5.0833124e-01  -2.6847793e+01   1.8475419e-01   4.1270911e+00   2.2381616e+00   1.0882552e+00   1.1123694e-01   1.7930177e+01   6.2512650e+00   1.3277290e+00   2.7787647e+00  -1.9236109e+00  -8.7694495e-01  -9.6969043e-03   6.8882297e+00  -1.3094537e+01  -1.7682589e+01   3.1858101e-01  -1.6519769e+00   3.5275932e+00
   6.4882606e+00  -1.3781848e-03   1.4658864e-02  -6.9945376e+00   7.6581624e+00   1.4635048e+00   4.1668458e-03  -1.1270968e+00  -2.5962634e-02   2.2569979e-02   1.9485171e+00   9.2574334e-01  -3.7704344e-01  -1.0002666e+01  -2.6234719e+00   1.7276021e+00   2.5371673e+00   1.6127041e+01  -3.4801114e-01  -3.3488657e+01  -1.3999246e+01   4.3210302e-01  -2.4195157e+00   2.6522613e+00   2.2786474e+00   1.2572309e-01  -1.5604700e+01   1.8890554e+00   1.2816482e+00   6.9463663e+00   1.1084083e+01  -6.7085340e+00
  -1.0389733e+01  -7.5068754e-03   3.1449465e-03   7.3388680e-01   4.3591913e+00   1.8531165e+00  -3.6003868e-03   1.0859101e-01   6.7908565e-03  -1.6394727e-02   2.5957221e-01  -1.7446253e+00  -3.0353100e+00   2.0881176e+01   6.2066226e-03   4.9996235e-01  -4.3991169e+00  -1.3807401e+01   3.2155116e-01  -1.5251028e+01  -5.1733187e+00  -9.8548560e-01  -1.2564777e+00  -1.8092600e+00  -3.9559986e+00  -1.8380327e-03  -4.5094093e+00  -7.0404896e+00   8.8546718e+00  -7.1329690e-01  -1.7219835e-01  -1.5186800e+00
   3.8748186e+01  -5.2559798e-03   4.3140796e-04  -1.8484631e-01   9.1422228e+00  -8.4701836e+00  -1.0777277e-03   1.2728845e+00  -3.2153674e-03  -1.4958719e-02   4.9485724e-02   6.5623809e-02  -6.2255356e-01   2.6606209e+01  -2.2662321e+00  -4.1810507e+00  -3.5836401e+00   2.7616954e+00  -1.2834499e-01  -2.5429954e+01  -9.2075032e+00  -1.9276353e+00  -1.3332108e+00  -2.5505779e+00  -1.4987098e+00   9.4992211e-03  -9.4526057e+00   2.1134262e+01   2.0185669e+01   1.8514915e-01  -4.3848618e+00   1.3632884e+00
   6.5488581e+00  -5.7010978e-03  -1.2884946e-03  -2.8245645e-01   5.7280218e+00   2.5567430e+00   5.2400945e-03   1.2925578e+00  -1.8980314e-03  -4.5677095e-03   6.3641626e-01   2.9407356e+00   1.2166635e+00   3.2566730e+01   5.5090095e-01  -2.4521136e+00   4.8158629e+00  -9.9564121e+00   2.3462719e-02  -1.4638600e+00   1.5622565e+00   5.8243236e-01  -6.2726751e-01  -1.0538812e+00  -4.1501881e+00   8.8122498e-03  -4.0133768e+00   6.0385968e+00   2.2154861e+01   2.9725463e-01  -4.1001985e+00   1.4207124e+00
  -2.2830220e+01   4.2956247e-03  -3.3085349e-03   5.8508114e-01  -1.1208107e+00   8.3438279e+00  -2.7613401e-03  -3.4239744e+00   1.8401031e-03  -3.4115327e-02  -4.7525390e-01   5.3262174e+00   4.9550071e+00  -2.9504922e+00   2.1628575e+00   6.6693214e+00  -7.3174635e+00  -4.2612137e+00   1.6226190e-01  -5.5880309e+00  -4.9414950e-01  -1.3065876e-01  -1.1537086e+00  -1.1157398e+00  -2.0788037e-02   3.0198309e-02  -4.8786944e+00  -1.1020122e+01  -5.3502720e+00  -6.2441626e-01   5.4176804e-01   5.0859626e+00
  -5.4978366e+00   3.0951837e-03  -1.0319199e-03  -3.9583370e-01  -4.8757055e+00  -2.8739337e+00  -3.9207385e-03   1.6728129e-01   1.7891458e-03   1.4469736e-02  -1.1349484e+00   1.1217607e+00   8.0146101e-02  -1.9635266e+01   7.2650172e-01   1.3068420e+00  -9.7397938e+00   8.1729814e-01  -4.0272007e-01   2.1213884e+00   8.5833427e-01   5.8890114e-01  -2.3797085e+00  -1.1463883e+00   1.3060659e+00   2.2075002e-04   4.0690044e+00  -6.7717988e+00  -1.8578259e+01   4.1413940e-01  -1.0125295e+01   9.1508147e+00
   1.8728751e+01  -2.9618315e-02   9.3186052e-03   5.2313870e-01  -7.9168801e+00   3.0607781e+00  -6.1241181e+00   6.5250848e-01   1.4692986e-02   1.2823038e-01   1.1943280e+00   9.7639371e-01  -2.4617192e-01  -4.5187507e+01  -4.2608107e+00  -1.3742356e+01   1.5026624e+01   5.7494145e+01   7.1224254e+00   8.1309007e+01   2.9311898e+01  -3.1820256e+00  -7.5777320e+00   2.1484452e-02   9.2560882e+00  -1.1819337e-01   3.9972619e+01   2.8489601e+00   1.1331367e-01  -5.0563061e-01   4.8417521e+00   2.4925889e+00
   4.2088019e+01  -3.1606742e-03   1.7994209e-06  -1.1730737e+00  -1.1572945e+01  -8.1843529e+00  -5.4564381e-03  -1.0088631e+00  -6.0570689e-04   3.6064942e-02   2.4242457e+00  -4.2080090e+00  -2.4691920e+00   8.8754872e+00  -2.0358329e+00  -1.0328037e+01   5.2375823e+00   1.2017887e+01  -1.0881874e+00   6.5085836e+01   1.8684173e+01  -5.8307297e-01  -3.1660988e+00   2.4829207e+00   1.3464237e-01  -2.5029080e-03   3.5782513e+01   1.9385070e+01   1.3596995e+01   1.1854768e+00   1.1052411e+01  -7.9057762e+00
  -1.8368959e+01   1.2177035e-02  -3.8366117e-03   1.0999464e+00  -1.3629074e+01  -3.1354539e+00   2.6054236e-03   4.6883989e-01  -7.2593995e-04   1.3189812e-03   2.9997081e+00   3.2499276e+00   2.7922126e+00  -2.7173273e+01  -1.2507785e+00   2.1915418e+00  -1.0199053e+01   1.6933629e+01  -4.1580406e-01   2.5985695e+01   6.6818528e+00  -1.9247342e-01  -1.0256418e+00   7.5331239e+00   5.7117730e+00  -2.3059615e-02   1.5712610e+01  -1.5665085e+01  -1.5647168e+01  -1.1242474e+00   1.3255047e+01  -9.8967507e+00
   2.1136009e+01   7.5741057e-03   1.2605318e-04   1.2943542e-01  -9.5862343e+00  -5.5264719e+00  -5.5933937e-04  -1.5251317e+00  -9.7864010e-05   1.4096010e-02   2.1721265e+00  -7.9078425e-01  -8.5390651e-01  -5.1109106e+00  -2.3461688e+00  -5.1502630e+00  -9.9551078e+00   5.6030315e+00  -2.7247736e-01   3.0826264e+01   8.1483849e+00  -1.9734421e+00  -3.7059201e+00   3.9356902e+00   9.9075501e-01  -7.0226105e-03   2.1414673e+01   7.8445902e+00  -7.3923087e+00  -1.2294355e-01   1.3725009e+01  -9.6096520e+00
   3.1738645e+00   5.8222455e-02   9.0994420e-03  -3.4724329e+00  -5.3584411e+00  -1.1647405e+01   4.0025839e-03   3.0553533e+00  -9.3945352e-03   1.0425604e-02   6.2930048e-01  -2.0333814e+01  -7.1534057e+00  -3.3573612e-01  -2.4275016e+00  -2.1222777e+01  -8.4992189e+00  -1.9801521e+00   7.9918886e-01   3.5608423e+01   6.9104723e+00   3.5694616e-01   3.8532540e+00   2.2137801e+00   9.0893715e-01   3.5715994e-02   3.7080274e+01  -1.1370205e+01  -1.4692849e+01   3.4904099e+00   2.2989508e+00  -4.5177420e+00
   2.6468397e+01   8.8812867e-03  -2.2544177e-04   1.9731199e-01   2.5355851e+00  -2.4114278e+00  -2.4522426e-03  -2.5390603e+00   5.1584332e-03   4.1763428e-02   2.7065561e+00   1.2069741e+00  -2.7938431e-01   4.8683877e+00  -1.8059083e+00  -4.0133432e+00  -5.3121961e+00   2.3263343e+01  -4.5707345e-01   1.2187737e+01   6.8801214e+00  -1.4923803e+00  -3.8066007e+00   2.7128577e+00   3.1132615e-01  -3.3361812e-02   5.4294245e+00   1.3388403e+01   1.3997478e+01  -1.9151965e-01   2.2133797e+01  -1.5938803e+01
  -2.5527720e+01   2.9919191e-03   3.1051144e-03  -5.0041027e-02  -2.9429810e+00   1.8592118e+00  -1.8242194e-03   1.2323081e-01  -1.9264569e-03   1.5628654e-03   9.8214341e-01  -2.8960843e-01  -1.1315080e+00  -2.1229337e+01   7.8570910e-01   3.9224075e+00  -1.7043417e-01   8.4116651e+00   5.5264278e-03  -1.1861981e+00  -4.1761999e-01   2.2070515e+00  -8.6026317e-02  -4.8895580e+00  -2.6204629e-01   9.8617161e-04  -1.8346119e+00  -1.7707475e+01  -9.9278276e+00   3.8041708e-02  -9.5208468e+00   1.0646018e+01
   2.0485984e+01  -1.4698994e-01  -3.7375703e+00   5.9101958e-01  -1.1073795e+01  -1.9559569e+01   1.9888248e-02   3.0976070e+00   9.4507709e-03  -3.2550657e+00   1.9041079e+00  -1.4132754e+01  -1.4434446e+01   8.7855069e+00  -2.5350066e+00  -5.7767370e+00  -3.3936536e+01   7.5883415e+00  -1.8419036e+00   8.1898050e+00  -4.5403587e+00  -6.8871118e+00  -1.2736685e+00  -6.3327497e+00  -4.4313769e+00   2.5703445e+00   2.5226513e+01  -3.4497489e+00  -5.5544355e+00  -3.5438886e+00  -3.9498575e+00   2.0041221e+00
  -1.7825369e+01   1.0242831e-01   1.0188330e-01   8.9882010e+00  -1.7870383e+01   9.7837161e+00   1.7145854e-01   4.2939174e+00   5.1186913e+00  -6.8487895e-01   1.1467060e+01  -1.5402015e+01  -1.5513016e+01   3.1417437e+01  -7.0504687e+00   1.4812179e+01  -5.1346995e+01   2.5076375e+01   2.8077449e+00  -8.7293401e+00  -4.7005226e+00   4.9552853e-01   1.0190684e+01  -6.5252039e+00  -1.0531860e+01   3.2686973e-01  -1.2089757e+01  -6.4248030e+00   1.5271650e+01  -9.6175485e+00   2.7037092e+01   1.1424316e+00
  -3.8002504e+00  -1.6759719e-02  -2.8124753e-03   1.6548984e-02  -1.3353962e+00  -4.0681251e+00  -6.4831658e-05  -1.1770837e+00  -5.4320224e-03   1.9459934e-03  -7.9252969e-01  -3.2368741e-01   2.4205768e+00  -1.3611124e+01   6.6593744e-01   1.4842864e+00  -3.0476361e+00  -3.2750621e+00   1.0472707e-01  -8.1044316e+00  -4.2627115e+00   1.2458362e-01  -2.5530526e-01  -7.8380800e-02   1.9484099e+00   7.4977939e-05  -2.2585295e+00  -8.4025478e+00  -1.5829162e+01  -1.2544886e-02  -1.6712153e+00  -9.2152920e-01
  -2.7051448e+01   1.1949337e-03  -5.5081821e-03  -6.4746959e-01  -8.6615771e+00   6.4423900e+00  -1.2614221e-04   1.1681316e-01   1.7061116e-03   3.1491082e-02  -4.0842417e-01   3.9085953e+00   2.2550228e+00  -1.0201667e+01   6.9012970e-01   6.1212050e+00  -2.4669265e-01  -1.1394842e+00  -4.4488796e-01   3.3650371e+01   1.4841115e+01   1.4535435e+00  -1.0082864e+00  -9.4292314e-01   1.9553335e-01  -7.3817855e-03   8.3566998e+00  -1.4499357e+01  -7.0716331e+00   6.6596466e-01   8.4106964e-01   1.2307706e+00
   2.1397263e+01   6.9639137e+00   2.8857713e+00  -3.4482483e-01   1.7641349e+01   5.7884375e+00   7.3254947e-02  -5.6499522e-01  -1.1579949e-01  -5.9720521e+00   3.1421068e+00  -1.1320349e+01  -1.1197528e+01  -6.6622992e+00  -8.9023975e+00  -1.5537707e+01   4.0406986e+01   3.0588666e+01   1.8957102e-02   1.8922616e+01   1.0740252e+01   7.2066433e-03   8.1880566e+00   6.8996082e+00   1.7165810e+00   3.9746374e-01  -7.0695088e-01   1.2909953e+01   2.0964165e+01  -2.0250906e+00   3.2067753e+01  -3.3518679e+01
  -1.2476836e+01   1.8506232e-02   8.2312125e-03  -5.1882109e-01   2.7806289e+00   3.1498980e-02   5.6353414e+00   2.6671447e+00   3.7679199e-03  -5.3630410e-02  -1.4397538e-01   5.2310047e-01  -8.5273707e-01   3.3054775e+01   3.2557351e+00   3.2345637e+00   2.9776542e+00  -2.2666028e+01  -6.3670639e+00  -1.4772983e+01  -5.1675526e+00   2.5601217e+00   6.2482322e+00   4.5322372e-01  -4.9107813e+00   6.7127332e-02  -1.3517200e+01  -2.6029519e+00   1.1860945e+01   4.9525699e-01   4.3266057e+00  -7.8518476e+00
   1.6871364e+01  -1.1034003e-03   4.6598448e-03   2.0011342e-01  -1.7082203e+00  -9.7904417e+00   2.7752231e-03   3.5540452e+00   2.3197859e-03  -2.0647845e-02   1.0788678e+00  -9.6746536e+00  -8.0635579e+00   8.7182168e+00  -1.7564367e+00   9.1414738e-01  -6.6229312e+00   2.3506113e+00   1.9893020e-01  -4.9538185e+01  -2.2541854e+01  -2.6046677e+00   6.6635347e-02   1.5671519e+00  -1.1919992e+00   5.7249799e-03  -1.6487040e+01   5.7510749e+00   8.3007222e+00  -2.0782926e-01  -5.9253427e-01  -3.5600971e+00
   1.8870084e+01  -1.5779345e-03   2.0628580e-03   4.3860250e-02   1.0777271e+01  -7.2207405e-01   1.4637943e-03   1.3407672e+00  -5.5995358e-05  -3.2418857e-03  -1.1409300e+00   2.6126617e+00   7.1708631e-01   2.3760630e+01   3.4876891e-01  -3.1691118e+00   2.7211067e+00   4.6283995e+00  -2.1159004e-02  -2.2012482e+01  -6.0041000e+00  -1.2655059e-02  -1.5877994e+00  -4.7722511e+00  -1.6853338e+00   3.8014174e-03  -1.1637219e+01   1.1893433e+01   2.3326158e+01  -4.8206578e-02  -1.0162784e+01   8.8110321e+00
  -2.7939152e+01  -3.9175807e-03  -3.2547799e-04   6.4870437e-03   4.7960906e+00   4.8462189e+00   3.4174899e-03  -4.0500977e-01  -2.7534821e-03  -2.1513101e-02  -1.4287491e-01  -4.6267719e-01  -8.5857738e-01   8.5717428e+00   5.6532343e-01   5.8745742e+00  -1.6541392e+00  -8.8854566e+00   5.3954249e-01  -4.0423832e+01  -1.5005798e+01   8.6679859e-01   6.2920555e-01  -3.2325085e+00  -5.5511508e+00   1.0946188e-02  -1.9298167e+01  -1.5829351e+01   5.6867223e+00  -1.2992427e-02  -6.6176149e+00   7.0394728e+00
   9.0099612e+00  -2.8236337e-03   2.9366282e-03  -2.9370491e-02  -5.0504750e+00  -2.5670584e+00  -2.0961766e-03   3.6456306e-01   8.8339646e-04  -1.2907356e-02   4.0634884e-02  -5.3517634e+00  -3.9612254e+00   1.5932578e+01  -8.2956135e-01  -4.7977497e+00  -1.6305166e+00  -1.0915338e+01  -1.4006415e-01   2.5787840e+01   6.3375105e+00  -9.0945395e-01   2.5403608e-01   2.6230627e+00  -1.0193677e+00   6.2115780e-03   1.8483088e+01   5.1966051e+00   5.5461917e+00   4.2600013e-02   4.9408648e+00  -7.4792349e+00
   1.7889397e+01  -4.3575843e-04  -7.5488933e-04  -9.0570323e-01  -2.1262549e+01  -6.6486186e+00   2.2362558e+01  -2.2267439e+00   1.0048635e-02   3.6855509e-02   1.0522488e+00  -1.3325200e+01  -1.4243381e+00  -2.5999408e+01  -8.8057450e-01   2.0314150e+01  -3.0276725e+01   1.1578201e+01   4.0073835e-01   4.9897276e+01   2.0888903e+01  -2.6744020e+00   7.7469708e+00   9.8349839e-01   3.9667841e+00  -3.8877153e-03   1.2690017e+01   1.2017905e+01  -2.5199129e+01   9.2481887e-01   7.5897586e+00  -4.8198966e+00
  -3.6811848e+00   8.8179009e-03   3.8787890e-03   1.7445784e-01   1.4627052e+00   6.5351092e+00   8.8928761e-04   1.5415374e+00   5.3573327e-03   9.6716439e-03  -7.0030666e-01   2.1357232e+00  -1.0736500e+00   2.9325449e+01  -9.1434194e-01  -5.6411842e+00   2.3779375e+00  -3.7614648e+00   2.3010634e-01   2.5283392e+01   9.9326504e+00  -2.0412183e+00  -1.4129038e+00   1.6967941e-01  -1.5164032e+00  -8.6176982e-03   1.1350748e+01  -1.4698214e+00   2.1272997e+01  -1.5205569e-01   2.2508551e+00  -4.7988258e+00
   5.1208016e+00   3.1498158e-03   8.1989778e-03   1.3083851e+00  -8.8336346e+00  -2.9545150e+00   9.0173484e-03  -1.0119018e+00  -3.0379254e-03   6.5085299e-02   3.8138606e-02   1.4565937e+00   2.4626330e+00   6.2974583e+00  -1.2491003e+00  -4.7533636e+00   4.3901205e+00  -8.4186017e+00   1.3488870e+00   1.7749963e+01   1.3662240e+00  -1.4553213e+00  -7.9568839e-01   8.1777287e-01  -1.1728266e+00  -7.9594712e-02   1.1306847e+01   5.5080916e-01   1.0536731e+00  -1.2265260e+00   3.4746652e+00  -4.7421535e+00
  -1.8692788e+01  -9.3979396e-02  -3.2140054e+00  -1.5679852e+01   4.8743038e+00  -3.5661438e+01   1.0424404e+00   5.8189372e+00   6.1541859e-02   7.1584140e-01  -6.9430222e+00  -1.7441685e+01  -1.8775668e+01   2.5943902e+01   3.2822088e+00  -3.1691290e+00   3.4863722e+01   2.0223428e+00  -4.7986079e+00   9.1311917e+00   7.2895691e-01  -5.4825987e+00  -3.1903614e+00   4.1467010e+00   3.2991592e+00  -1.3686358e-01   9.2546495e+00  -4.3230583e+01   3.6853042e+01   1.6233144e+01  -1.3317980e+01   7.8224615e+00
  -2.1164459e+01  -9.2880107e-03  -2.0578103e-03  -8.7186627e-01   1.1969711e+00  -3.4508790e-01   3.8141939e-03  -1.6393652e+00  -9.3106395e-03  -2.2207313e-03  -3.2515708e+00   2.4439010e+00   2.2719764e+00  -1.3928976e+01   3.1863056e+00   2.9899097e+00   5.3788695e+00  -1.3614350e+01   2.3634177e-01  -1.2437928e+01  -3.2342754e+00   9.9014894e-01   8.2733158e-01  -4.0368121e+00  -7.6966949e-01   1.0675708e-02  -4.5328345e+00  -1.1630209e+01  -1.5294677e+01   8.7905698e-01  -8.5065427e+00   8.4883834e+00
   1.3844395e+01   7.5467137e-03   6.7560953e-03  -6.6705456e-01  -1.6099994e+00  -6.6755763e+00  -1.4580471e-03   1.9234680e+00  -2.3716896e-03   3.6510182e-02  -9.6318255e-01   2.3224205e+00   2.8145966e+00   1.2176982e+01   3.5007093e-01  -4.1711383e+00  -5.0991657e+00  -1.0021289e+01  -4.5859721e-01  -9.7087059e-01  -2.9897946e+00   4.9659151e-01   3.6289880e+00   1.0383059e+00   2.8281691e-01  -2.0721528e-02   5.5198530e+00   9.3582676e+00  -1.1358621e+00   7.2851825e-01   2.8589859e+00  -6.1034075e+00
  -2.3668740e+01   2.9614327e-03   8.9781756e-04  -1.3362630e-02  -1.1639495e+01   1.5980373e+00  -1.6576138e-03  -1.6920567e+00   4.7631067e-04  -6.2716992e-03  -2.2243493e+00  -3.6529644e+00  -1.6849860e+00  -2.2194693e+01   5.7989214e-01   3.1571355e+00  -3.2274962e+00  -8.2098859e+00   2.8024024e-02   2.0951500e+01   4.6876412e+00  -1.4767099e-01   1.3462181e+00  -5.5434191e-02   1.9130866e+00   7.6233886e-03   1.2612359e+01  -1.4924313e+01  -2.3039602e+01   1.2816613e-02  -1.9575862e+00   3.3636145e+00
   1.2436782e+01   1.7090526e-04  -2.0625538e-03   1.4072827e+00   8.6162423e+00  -1.7045722e+00   4.7570074e-04   2.9601433e+00  -1.0323775e-02  -2.8597729e-02  -4.4070685e-01   4.5818905e+00   3.1119281e-01   1.6338244e+01  -1.4614098e+00  -5.4039833e+00   3.1261783e+00  -1.8783859e+00  -4.0136338e-01  -2.6492373e+01  -1.3226113e+01   3.5172736e-01  -1.8287741e+00   1.3450426e+00   1.6983870e-01  -1.2104403e-03  -9.0815181e+00   7.4248511e+00   8.4780747e+00  -1.4181920e+00   1.3930968e+00  -2.8063926e+00
   1.3608285e+01   5.2743666e-04  -1.8786813e-03   4.2821353e-02   2.5152279e+00  -2.2432357e+00  -1.7111303e-03   1.1812180e+00  -3.3208978e-03  -4.9030090e-03   5.1159475e-01  -7.2713891e-01  -1.2835352e+00   1.5636577e+01   4.6009170e-01  -2.0034920e+00  -3.3564646e-01   4.7393790e-01   2.8719132e-02   4.4543398e+00   3.2399479e+00  -3.1317932e+00   7.2283042e-02  -1.6489780e+00  -4.2433893e+00   4.0831759e-03   4.3794502e-01   7.4266323e+00   1.2235971e+01  -3.5794413e-02  -2.8976447e+00  -3.6731015e-01
