   1.5451662e+00
  -9.1575551e-01
   1.5801914e-01
   2.8168213e+01
   5.5815191e+00
   2.8838660e-02
   1.9901401e+00
  -1.0823524e+00
  -1.6911008e+00
  -1.4644126e+00
  -1.9245052e+00
  -2.2333502e+01
   1.3655943e+00
   4.3652106e-01
   2.3439472e+00
   8.3835732e-01
   5.9219084e-01
   1.5418893e+00
  -2.3312132e-01
   1.9213502e-01
  -3.5941634e-01
  -5.0277568e-01
  -1.2034074e-01
   8.9458385e+00
  -1.1843498e+00
   3.8562660e-01
   1.6561585e+01
   8.7502881e+00
   1.1118712e+00
  -8.7658982e-01
   2.1582221e-02
  -1.1404320e+01
  -6.0630545e-01
   9.5607454e-02
  -1.2385133e+01
   2.6625852e+01
  -2.8543607e+01
   1.1937743e-01
  -6.8910801e-01
   6.1510139e-01
  -1.4384105e+00
  -1.8754183e-01
   4.6931631e-01
   8.0942364e-01
   2.2643784e+01
  -6.7331171e-01
  -8.7248339e-01
  -6.3367185e-02
