  -4.4504954e+00
  -3.9654740e+00
   6.1649873e+00
   2.8619564e+00
  -4.4497902e+00
   3.1890579e+00
  -6.8609667e+00
   2.5745328e+01
   7.9974178e+00
   1.9455068e+00
   1.9596483e+00
   2.3345583e+01
  -5.2905311e+00
  -2.3259068e+00
  -1.1101297e+00
  -1.7156160e+01
  -7.3036755e-01
   7.6096413e+00
   4.2227666e+00
  -3.4804125e+00
   1.5234506e+00
   2.1119414e+00
  -8.0963600e+00
  -3.3363345e+00
  -1.9587396e+01
  -9.7534372e-01
  -8.6324792e+00
   1.7905423e+00
   8.5305964e-01
  -5.7011973e+00
  -1.2574907e+01
  -1.9077880e+01
   1.3751228e+01
  -6.4944292e+00
   6.1807446e-01
   3.4225223e-01
  -3.7689617e+00
  -7.8344783e+00
   1.0204925e+01
  -6.7384936e+00
   2.5266661e-01
  -3.5288592e+01
   4.2082512e+00
   5.8526159e+00
  -1.3837300e+01
  -9.8434086e-01
  -3.7516070e+00
   6.8587841e+00
   4.9164516e+00
   6.7048779e+00
   6.4135070e+00
   2.3270264e+00
   3.4193772e+00
   3.0389824e+01
   3.0210019e+00
