-0.839875
-0.839875
-0.839875
-0.841512
-0.799449
-0.840812
0.193362
0.193362
0.193362
0.193362
0.193362
0.193362
0.193362
0.193362
0.193362
0.193362
0.193362
0.193362
0.193362
0.193362
0.193362
0.193362
0.193362
0.193362
0.193362
0.193362
0.193362
0.193362
0.193362
0.193362
-0.0301225
-0.0301225
-0.0300913
-0.0301225
-0.0301225
-0.0300142
-0.0301225
-0.0301225
-0.0291394
-0.0300142
-0.0301225
-0.029803
-0.0301225
-0.030136
-0.0301225
-0.030136
-0.030136
-0.030136
-0.030136
0.999851
-0.030136
-0.029803
-0.029803
-0.029803
-0.029803
-0.029803
-0.029803
-0.029803
-0.029803
-0.029803
-0.493168
-0.493168
-0.493168
-0.494805
-0.452742
-0.494105
-0.448098
-0.466199
-0.489602
-0.492991
-0.494443
-0.493607
-0.492664
-0.49409
-0.487074
-0.493159
0.540069
0.540069
0.540069
0.540069
0.540069
0.540069
0.540069
0.540069
0.540069
0.540069
0.540069
0.540069
0.540069
0.540069
