   7.6732789e-02   2.3622123e-01   6.9837934e-02  -3.4341425e-02   4.5369814e-01   1.0135076e-02  -5.4442480e-01  -5.5848417e-03  -2.9996654e-03   1.7099481e-01
   1.2001748e-01  -1.7849716e-01  -3.0176174e-02  -1.6705916e-01  -1.6682016e-01  -3.9341559e-01   1.8011129e-02  -5.6780638e-01   9.0495577e-02   4.5590677e-01
   1.1719011e-01   6.9148085e-02  -1.0603121e-01   2.5175399e-01  -3.5841438e-02  -7.6875884e-03  -1.1573666e-01  -5.2019613e-04  -1.5992520e-02   2.3304478e-02
  -2.6665673e+01   3.5987240e+00   1.3379763e+01   1.5657904e+01  -1.8109696e+01  -5.7578374e+00  -4.6252742e+01  -5.1018014e+00  -2.8351197e+01   1.0130880e+01
  -5.1708434e+01   4.3333994e-01  -7.2861694e+00  -2.5829112e+01  -4.2985778e+01  -2.1603583e+01   1.9187167e+01  -1.8570651e+01  -2.4688493e+01   3.6802916e+00
   9.6979827e-02  -1.4062312e-01  -1.6307939e-02  -1.2508472e-01  -1.2678257e-01  -3.1030132e-01  -1.3780329e-01   1.0957152e-02  -9.1711214e-03   8.1024626e-02
   1.9266260e-01  -1.5655757e-01  -1.9928466e-02  -2.1705175e-01  -2.1701846e-01  -6.1255008e-01  -5.9688830e-02  -9.7157767e-01   2.4184249e-01   4.1741407e+00
  -1.4965483e-01   9.3867888e-02   1.5463917e-02   1.1878132e-01   1.0416619e-01   3.2367310e-01  -5.1518356e-02   3.2472829e-03   4.1812205e-02  -8.1646863e-03
   1.2182005e-01  -2.3651253e-01   9.0695866e-02  -1.4830930e-02  -3.1843388e-01  -3.8044152e-01   6.3137615e-01   2.8770133e-03  -2.9406220e-02  -1.9645249e-01
  -2.1195169e-01   4.1265411e-02   2.0792086e-01   3.3704959e-01   2.6674978e-02   4.9789434e-01   1.7548241e-01   1.4133041e-02   1.4696566e-01  -4.1262434e-02
   7.3926842e-01  -1.4072916e+00  -2.1611258e+00  -1.1940822e+00   1.2532044e+01  -2.7456806e+00   2.4119309e-01  -3.0168067e-02  -3.2742905e-01   9.1097767e-03
  -2.4437882e+01   4.4632712e+00  -2.1503375e+00  -2.2429046e+01  -2.8755205e+01   7.1962888e+00   6.4500326e+00   5.6189614e+00  -1.8848564e+01   8.7018752e+00
  -1.8846347e-01   1.6044958e-01   1.0102857e-01   2.5112175e-01  -1.3399710e-02  -1.4135532e-01   9.5309920e-02   1.9030659e-03  -2.1088566e-02  -1.6936816e-02
  -3.4450454e+01  -2.6588239e+01   3.3923546e+00   4.4926405e-01  -3.4577994e+01   1.8391183e+00   2.3129474e+01   1.5373560e+01  -1.8140127e+00   3.9466608e+01
  -1.1649852e-01   2.0113059e-01   5.0338272e-02   1.9364039e-01   1.9933811e-01   4.3860942e-01  -4.2335431e-02   6.0572206e-01   4.2334303e+00  -2.7639164e-02
   3.0351581e-01   2.0809639e-01  -1.2735586e-01   4.4695096e-02   1.4154875e-01  -2.4603775e-02   4.1904177e-02   1.5154961e-04   6.1710233e-04  -1.6508006e-02
  -1.4245354e-01   5.7348990e-02  -7.9302924e-02   2.5192423e-01  -2.9200934e-02  -1.5394468e-02  -1.3098676e-01  -6.4706622e-04  -1.6160137e-02   2.6620749e-02
  -1.0797090e-01   1.7618518e-01   3.8683470e-02   1.6338816e-01   1.7317103e-01   3.8296495e-01  -2.1643617e-02   5.3248677e-01   2.2068242e+00  -2.0115518e-02
   9.9554948e-02  -9.0785039e-02  -8.5805751e-02  -2.6760377e-02  -7.0382298e-02  -4.3021536e-02   1.5297847e-02  -1.8118662e-03  -1.7211981e-02  -2.1807534e-02
  -1.2179998e-01  -1.1555410e-01  -3.8845533e-01  -1.5884114e-01  -1.5833497e-01   1.0883153e-01   1.7424915e-01   1.2751386e-03   5.0068865e-02  -4.6850781e-02
   5.5100345e-02   5.6879596e-02  -2.4192755e-01  -7.1941611e-02   1.2158352e-01   1.1194450e-01   4.2696476e-01  -1.2774180e-03   5.9473515e-02  -1.2289457e-01
  -1.7830264e+00  -7.5345470e+00   1.2107999e+01  -3.1028667e+01   2.4554111e+01  -9.6904973e+00  -1.3949861e+01  -1.9332211e+00  -7.0512965e+00  -5.8419003e+00
  -1.7084052e-01   2.0813106e-01   4.3461596e-02   1.9233402e-01   1.7714391e-01   5.0250436e-01  -2.1720255e-01   2.7509264e-03   5.4235030e-02  -1.1395447e-02
   3.0913730e+01  -5.4053229e+00  -4.2144254e+00  -6.8903263e+00   2.8924286e+01  -8.5500141e+00  -1.2140359e+01  -1.8523468e+00  -4.3885346e+00   1.6466396e+01
   9.2808189e-02   2.8987862e-01   1.5426877e-01  -4.2459026e-01   6.0591815e-02   1.6259888e-02   1.6315876e-01   1.5359154e-03   3.0223481e-02  -4.0024681e-02
  -2.0931915e-01   5.6663517e-02  -4.2044245e-02   1.4119397e-01   2.6354824e-01  -1.0726808e-01  -5.8343418e-02  -2.1471564e-03  -2.3739236e-02   2.6609613e-04
  -2.6821724e+01   5.2982860e+00   5.9993237e-01   9.5244368e-01  -4.0930496e+01   1.1955208e+01   2.5372597e+00   5.3001978e+00   5.6235904e+00   8.9919498e+00
   1.7976326e+01  -5.9695150e+00  -9.6357547e-01   7.7050293e-01   1.9940709e+01  -1.3572340e+01  -1.0326482e+01  -7.6512316e-01  -3.6634633e+00   1.3078982e+00
   1.1645780e-01   3.8610669e-01   1.6457004e-01   2.2751325e-01   2.7867620e-01   1.5643901e-01  -5.8311346e-01   3.6016364e-03   8.0669762e-02   1.8804978e-01
  -2.5105798e-01  -1.3532349e-01   2.1353526e-01  -7.8192234e-02  -2.9806473e-02  -8.0304387e-03  -2.8890066e-02  -9.6607084e-05  -7.8706318e-03   1.1342365e-02
   3.1018172e-02   1.1367768e-01   1.1824731e-01   1.7660902e-01   1.5196278e-01   1.8213114e-02   1.7482532e-01   3.4695622e-03   2.8592867e-02  -3.0613571e-02
   1.8840154e+01  -2.4079646e+00  -2.1246055e+01  -2.7874633e+01   1.6914484e+01  -8.2885718e+00  -2.2920683e+00   4.6584681e+00   2.6158612e+01  -1.3573373e+01
  -6.8572779e-02   1.0863057e-01  -1.5975011e-01  -2.3135056e-01   1.2606743e-01  -5.6616415e-02   2.1855419e-02  -1.9001474e-03  -2.1605147e-02  -3.0667858e-02
   6.7542754e-02   1.4297835e-01   2.9139772e-01   2.1928627e-01   1.0363690e-01  -5.2694129e-02   1.9735798e-02   2.2044056e-03  -4.1804999e-03   1.5369115e-02
   7.8500220e+00   1.0609259e+01   1.8761239e+00   2.2111943e+01   2.4927205e+01  -1.8611469e+01   1.4474722e+01   4.6064538e+00  -2.5928039e+01  -6.2442209e+00
   3.0804799e+00  -8.3367291e+00  -1.6175239e+00   1.3290508e+01  -1.9818779e+01  -1.3355636e+01  -2.7509171e+01   2.1147039e-01  -1.2986828e+00   8.7998851e+00
   3.2478715e+01   1.9769465e+01  -3.1944928e+01  -2.8737314e+01   3.7876513e+01  -1.3857121e+01  -2.3421084e+00  -6.6536924e+00   4.1457056e+00  -2.8675175e+01
   5.3504465e-02  -1.1146326e-01   8.0017946e-03  -8.6845345e-02  -1.1609565e-01  -2.5007802e-01  -1.0164396e-01   1.2795402e-01   9.7441672e-03   7.5065825e-01
  -4.8119754e-02  -1.6563523e-01  -1.7873318e-01  -1.5133604e-01  -1.3126157e-01  -1.1218082e-01   1.4364019e-01  -1.7255767e-03  -4.5105360e-02  -5.6461287e-02
  -6.3578706e-01  -7.6219290e-02  -2.1108547e-01  -6.2581993e-01   3.6982008e-01   1.5060260e-01   3.9453204e-01   4.5894953e-03   1.1545995e-01  -7.5647822e-02
  -2.6139999e-03  -2.0944515e-01   8.0582990e-02   1.0623759e-01  -3.8283379e-01  -1.0469471e-01   5.8308996e-01   5.7644367e-03   4.9467274e-04  -1.7487629e-01
  -1.7146195e-01   1.0263834e-01   4.3136867e-03  -1.0866247e-01   1.4374956e-01  -7.9191504e-02  -1.5925065e-02  -8.1072527e-04  -1.7119674e-02  -1.3592983e-02
   5.9567704e-02  -9.0981180e-02  -7.4979955e-02  -1.3971524e-01  -1.1201471e-01  -2.3633570e-01  -1.4606775e-01  -4.4887401e-03  -3.2958615e-02   1.8005889e-02
   4.5583454e-01  -2.1668853e-01   6.9334026e-02   2.4531972e-02   1.5857296e-01  -5.4617986e-02   5.1647581e-02   5.5048490e-04  -1.0112242e-02  -7.6267063e-03
   4.1777485e+01  -4.0509104e+00   6.7052451e+00   3.4451953e+01   4.9927096e+01  -2.0170726e+01   5.8821496e+00   1.7536358e+01   7.4013149e+00  -1.5278819e+01
  -4.4021265e-01   2.9681780e-01   3.1173951e-01   1.6566863e-02  -2.9598589e-01   1.4523354e-01   9.6547470e-02   4.1424140e-03   5.1368413e-02  -1.0307907e-02
   1.6490753e-01  -1.3183942e-01  -1.3229313e-01  -3.4095761e-01  -1.9637976e-01   2.5905473e-02  -1.7371080e-01  -2.6795165e-03  -8.9877114e-03   1.6193482e-02
   2.9734758e-01   2.8821852e-02   1.4806183e-01   3.2210483e-01  -3.2133008e-02   2.4636096e-02  -4.7871051e-02  -7.9667783e-04   1.1764902e-03   9.6051062e-03
