  2.4078012e+002 -9.7492515e+001  1.2286762e+002
  2.4051167e+002 -9.9767813e+001  1.2487376e+002
 -1.4975188e+002  2.3568451e+002  2.0004363e+001
  3.6634162e+000  1.7834187e+002  2.6254090e+001
  3.8226320e+002  4.1855300e+001  2.1010760e+001
 -1.3892980e+002 -2.5925071e+002  3.4100290e+001
  1.4522224e+002  9.4210239e+001  1.1963250e+002
  5.2760523e+000 -9.7734886e+001  3.8054472e+001
  1.9347652e+002 -2.4659234e+002  2.2483067e+001
  3.1538232e+002  2.2670282e+002  1.3018035e+002
  1.1943699e+002 -4.0561637e+001  9.4206036e+001
  4.0401258e+002 -2.3021809e+002  4.8441519e+001
  1.8951978e+002  4.3460628e+001  2.3696751e+001
  5.6842145e+000  4.0278705e+001  1.2975311e+002
  1.1086074e+002  2.2485650e+002  2.3950841e+001
  8.1872442e+001 -1.1705865e+002  2.4303799e+001
  3.9029969e+002 -1.0278055e+002  2.0562828e+001
  2.8829654e+002  3.3791303e+001  1.1598334e+002
 -1.5214375e+002 -1.1960295e+002  1.3232405e+002
  1.0312282e+002 -2.5733085e+002  5.7654988e+001
  7.4886931e+001  1.5765107e+002  9.2031212e+001
  3.7183912e+002  2.3315149e+002  7.2999699e+001
  5.6321741e+001 -5.1444333e+001  2.2568074e+001
 -1.5685385e+002  1.6098338e+001  1.2208276e+002
 -1.1095351e+002 -1.3839818e+002  2.2073092e+001
  2.8817154e+002 -1.6334473e+002  1.2592555e+002
  1.4319304e+001  1.0393597e+002  1.1417452e+002
  2.8668915e+001 -2.4645927e+002  1.2411084e+002
  3.0498835e+002  1.1512290e+002  4.5592153e+001
  1.8172273e+002 -1.0073406e+002  1.2004419e+002
  2.0019689e+002 -1.4896776e+002  5.7637480e+001
  4.0413770e+002  7.7891404e+001  1.2347407e+002
  1.8552453e+002  1.2824611e+002  1.2022085e+002
  3.2132553e+002 -2.3893242e+001  1.2368467e+002
 -3.8217505e+001 -1.4345047e+002  1.1749721e+002
 -1.9703938e+001  1.6280696e+002  8.3655966e+001
 -1.5123135e+002  8.7670354e+001  2.6394615e+001
  2.3144387e+002  2.1524829e+002  2.2261600e+001
 -2.0589143e+001 -9.7303097e-001  2.3748360e+001
  3.1013724e+002 -2.1839066e+002  3.4523410e+001
 -7.3089166e+001 -1.3498349e+002  8.1552473e+001
  1.4007329e+002 -4.7101812e+001  3.1742457e+001
  2.3548635e+002  7.4034530e+001  4.0356116e+001
 -1.4285206e+001  2.2289433e+002  1.1098849e+002
  3.0179592e+002  1.2577201e+002  1.2764222e+002
  6.6030311e+001 -2.4441873e+001  1.2143113e+002
  3.9362486e+002 -1.0090042e+002  1.3163328e+002
 -1.4824541e+002  9.6430282e+001  1.2297888e+002
  3.3176497e+002 -9.4019004e+000  3.2014491e+001
 -3.8115254e+001 -1.7968255e+002  2.1939909e+001
  3.8080056e+002 -2.5141822e+002  1.1294079e+002
  1.1176176e+002 -1.5156591e+002  1.1805778e+002
  8.4660601e+001  2.1609596e+002  1.2635560e+002
  3.8198496e+002 -3.1787597e+001  1.1184347e+002
  4.2726440e+001  7.9801989e+001  2.2941489e+001
 -2.6418958e+001 -4.8359201e+001  1.2921002e+002
  1.7225766e+002 -2.4454013e+002  1.1642161e+002
 -7.6274709e+001  4.0075381e+001  1.0575075e+002
  3.8986196e+002  1.7474569e+002  1.3090708e+002
 -1.5882951e+002  1.5308249e+002  3.5373794e+001
 -1.6191843e+002 -2.3096755e+002  1.2219765e+002
  2.7867304e+002 -7.7829995e+001  1.6460944e+001
  5.4619494e+001  2.2451308e+002  4.1954434e+001
 -1.5685734e+002 -8.2266971e+001  7.6873319e+001
  1.7738552e+002  1.1684529e+002  5.4741574e+001
  2.3317607e+002  1.5249104e+002  1.1561735e+002
 -9.5411175e+001  5.7425371e+001  6.6076220e+001
 -1.4065159e+002  1.8040858e+002  1.0968124e+002
  3.6570318e+002  4.6575948e+001  6.7236168e+001
  1.2192272e+002  2.1617425e+002  9.8441319e+001
  1.8272638e+001 -2.4272523e+002  2.7467457e+001
  2.9230196e+002  8.0816914e+001  9.4639466e+001
  3.9347039e+001 -6.4326575e+001  7.4383918e+001
  3.1672486e+002 -1.0479780e+002  1.2754363e+002
  3.8771970e+002  1.5274052e+002  5.5838485e+001
  9.4456888e+001  1.4955047e+001  3.8736596e+001
 -4.2024256e+001  7.9185690e+001  2.7746089e+001
  2.8660649e+002 -2.1008790e+002  1.1601334e+002
 -1.2640197e+002  2.2922373e+002  1.2848984e+002
  2.6877969e+001 -9.9496809e+001  1.2050828e+002
  3.1820303e+002 -1.6517518e+002  1.9975886e+001
  2.9350359e+002  2.3779303e+002  2.9815454e+001
 -1.3695451e+002 -1.6097451e+002  2.1504912e+001
  1.6485351e+002 -6.7630097e+001  7.3277650e+001
  3.8724802e+002 -1.7470348e+002  7.5574116e+001
 -8.7229892e+001 -1.4729865e+002  1.2601224e+002
  3.0072558e+002 -1.1043952e+002  7.1399681e+001
  1.4241402e+002 -1.7351029e+002  3.1564967e+001
  9.4836229e+001 -2.4539001e+002  1.1773604e+002
  2.0997995e+002 -4.2407023e+001  7.2582143e+001
  3.8285409e+002 -1.3783191e+001  3.6600631e+001
  1.2080095e+002  5.5009614e+001  3.7201422e+001
 -8.0055548e+001  3.8193119e+000  6.6220044e+001
 -1.1132000e+002 -8.8635341e+001  8.2489662e+001
 -2.6100754e+001 -2.4580666e+002  1.1230462e+002
  1.6286077e+002 -2.4201228e+001  1.2940876e+002
 -7.9084768e+001  1.5868260e+002  2.4249262e+001
  2.9640606e+002  7.1886553e+001  5.0213870e+001
  3.4814379e+002  1.3616266e+002  8.6996089e+001
 -2.2808060e+000  6.1807390e+001  7.2253309e+001
  1.2277756e+002 -9.0378338e+001  3.5950009e+001
  1.6670218e+002  2.1446475e+002  6.3513105e+001
 -6.4510290e+001  2.1247057e+002  4.9167792e+001
  2.5647342e+002 -1.8284984e+002  5.9789699e+001
 -1.5296963e+002 -4.8740343e+001  5.2349382e+001
  4.9363328e+001 -1.8662129e+002  1.1412641e+002
 -6.1297357e+001 -1.8764156e+002  1.1789861e+002
  2.7881996e+002  1.7134097e+002  2.4894192e+001
  3.7329309e+002  1.6407295e+001  1.2827790e+002
  5.7256757e+001  1.6556792e+002  2.3056076e+001
  3.6090557e+001  2.1677529e+002  1.0506168e+002
 -6.8366878e+001  7.4049312e+001  1.3202331e+002
 -6.8534395e+001 -2.3160459e+002  2.2184282e+001
  2.0926485e+002  9.3073263e+001  1.2218309e+002
  7.6329498e+001 -1.1224467e+002  1.2138840e+002
 -1.4634411e+002 -2.4307952e+002  7.6822067e+001
 -8.5753911e+001 -5.7577229e+001  2.5443326e+001
  2.9965812e+002  2.2451387e+002  8.0328711e+001
  3.9314242e+002  2.1990285e+002  2.6820019e+001
 -1.4217747e+002  2.9514545e+001  3.7210179e+001
  1.8235105e+002  4.3619283e+001  7.6825752e+001
  3.7083324e+002 -2.2188330e+002  2.2645410e+001
  1.1702494e+002  1.2800848e+002  9.9163132e+001
  1.4072999e+002 -2.3028946e+002  6.8073390e+001
  2.2978222e+002 -2.5053980e+002  1.0285860e+002
  3.8780922e+002  1.8883816e+002  9.1910212e+001
 -7.1655536e+001  1.5578418e+002  1.1961171e+002
  2.7360231e+002 -2.5229208e+001  3.3781890e+001
 -1.3799382e+002  2.0188730e+002  2.5174578e+001
 -2.0912360e+001 -1.3655454e+002  4.2089094e+001
 -6.2142480e+001 -9.4251602e+001  1.1907129e+002
  1.2176502e+002  1.6743067e+002  3.1407791e+001
  3.9288244e+002  8.6221378e+000  7.9968072e+001
  4.7784944e+001 -1.2071395e+002  6.6836981e+001
  3.2649733e+000  1.0666549e+002  4.8940249e+001
  1.2021505e+002  1.7175573e+001  1.1478904e+002
  2.6467505e+002 -1.8574349e+001  1.2230340e+002
  2.4367357e+002 -2.1674668e+002  6.8651388e+001
  3.9718637e+002 -1.4621236e+002  4.1118721e+001
  8.0755094e+001 -3.4969391e+001  6.6875890e+001
  2.3030143e+002  2.2077208e+002  9.3650840e+001
 -1.4655531e+002  1.1433814e+002  6.8500252e+001
  1.6436391e+002 -1.2289180e+002  3.7701070e+001
  3.8168511e+002 -1.4946659e+002  1.1799180e+002
  1.1906144e+002  9.3617081e+001  2.1097849e+001
  3.6389054e+002  1.2272177e+002  1.8335644e+001
  1.6909898e+002  2.2995749e+002  1.2235312e+002
 -1.4678308e+002 -1.7887269e+002  7.3077026e+001
  5.0054009e+001  1.1294670e+001  9.2363840e+001
  3.3102113e+002 -2.4074883e+002  8.7144991e+001
 -8.0566530e+001 -2.4618937e+002  1.2564010e+002
  2.0380293e+002 -1.5893117e+002  1.2559800e+002
  1.9263416e+002  2.1327529e+002  4.0998133e+001
  7.6566580e+001  9.2018975e+001  1.1832943e+002
  2.1451041e+002 -9.5373874e+000  4.9996368e+001
  2.4104954e+001  2.2323857e+002  2.6985235e+001
 -4.3143213e+001  2.1133790e+002  1.2631737e+002
  1.0370476e+001  1.4970105e+002  1.2750555e+002
 -1.0421592e+002 -1.9470606e+002  3.3117549e+001
  8.4465100e+001  1.1977943e+002  4.0075161e+001
 -5.6820341e+001 -2.1271091e+001  4.2412442e+001
  2.7827569e+002 -2.4850563e+002  4.5201726e+001
  3.2163926e+002 -7.4651024e+001  5.7885742e+001
  1.4092965e+002 -2.1687129e+002  2.6058536e+001
 -1.2182118e+002 -4.2073206e+001  1.1315192e+002
  2.7663261e+002 -2.0593084e+001  8.4700402e+001
 -1.5401430e+002  1.5083453e+002  1.2772415e+002
  2.7680062e+002  2.0541120e+002  4.7824565e+001
  4.4612916e+000 -2.1274773e+002  1.2360353e+002
  3.5526124e+002 -1.7367804e+002  5.0194930e+001
  4.1548950e+001 -1.8043994e+002  3.8267526e+001
  1.6921458e+002  7.4094367e+001  9.4955873e+001
  3.3085625e+002  1.6239306e+002  1.2633690e+002
 -1.4576310e+001 -2.0662015e+002  5.5292129e+001
  1.5366550e+002  1.3496721e+002  6.1697690e+001
  1.1480619e+002  2.1083798e+002  5.6134359e+001
  3.8220360e+002 -1.8255732e+002  1.2190739e+002
 -1.6198602e+002  2.1803063e+002  6.4378432e+001
  3.0193163e+002  3.7506515e+001  2.8433041e+001
  2.7468564e+002 -1.0142846e+002  4.5189291e+001
 -4.5436161e+001  1.3710537e+002  4.3246897e+001
  6.4916136e+001  4.7307011e+001  2.8501148e+001
 -1.4860958e+002 -1.4657957e+001  8.1560239e+001
  4.3641915e+001 -1.4781663e+002  1.2145295e+002
  1.3953722e+000 -6.5179597e+000  8.0347865e+001
  2.2505548e+002  1.0166567e+002  7.5119618e+001
  3.5116147e+002  7.6585062e+001  1.2079893e+002
  1.6460750e+002  1.1395051e+001  5.4366950e+001
  3.3240534e+002 -1.5358971e+002  5.7184765e+001
  2.1228506e+002 -6.3180656e+000  1.3098849e+002
 -1.8894211e+001  2.3269117e+002  3.0688319e+001
  3.6397017e+002 -8.7893199e+001  1.2401449e+002
  8.4063870e+001 -1.8398415e+002  8.3848325e+001
 -5.5705062e+001  9.7736775e+001  9.3774531e+001
  3.6340501e+002 -2.5411331e+002  4.2580131e+001
 -4.7145872e+001 -7.6590110e+001  7.8307636e+001
  1.7664752e+002 -1.8896777e+002  1.1988069e+002
  2.1273056e+002  1.4673968e+002  1.7973017e+001
  1.9349756e+002  1.9219385e+002  1.1984076e+002
  3.3582907e+001 -2.3201273e+002  7.5496606e+001
  3.2388420e+002 -6.3340707e+001  1.2407127e+002
  3.7173406e+002 -5.0738700e+001  3.4555221e+001
  2.5870089e+002  8.4159070e+001  1.2374020e+002
 -1.3880970e+002  5.6778672e+001  1.1132029e+002
  3.5584254e+002  7.8118557e+001  3.2486916e+001
  3.3332188e+002  1.6630029e+002  4.1853602e+001
  1.8929510e+002 -1.7312549e+002  3.1016076e+001
 -7.8760642e+001 -1.0411504e+002  2.8423945e+001
  1.5498326e+002  3.9769605e+001  1.3232518e+002
  1.1373754e+002 -1.9884824e+002  1.1423897e+002
 -1.0232939e+002  4.1869470e+001  2.8876087e+001
 -1.5709804e+002 -1.2215256e+002  4.0034918e+001
 -8.3963357e+001 -2.3546573e+002  6.6104703e+001
 -2.4753031e+001 -2.8775974e+001  4.5144872e+001
  3.5697401e+000 -1.0398229e+002  8.4957724e+001
  2.0628976e+002 -6.2426538e+001  2.8324567e+001
  9.7990707e+001 -2.1754943e+002  1.8122537e+001
 -1.5303704e+002 -2.1333219e+002  3.7448220e+001
 -7.3726940e+001 -8.6960705e+000  1.2925254e+002
  2.3397914e+002 -1.0525956e+002  9.9514358e+001
  3.7207574e+002  1.4457933e+002  1.1734802e+002
  3.7638897e+001  1.4896300e+002  8.1402073e+001
 -8.8010404e+001  2.1669851e+002  1.1785639e+002
  3.2077523e+002  1.9392933e+002  8.5145720e+001
  2.3644278e+002 -2.3799344e+002  2.8415042e+001
  2.5588040e+002 -2.4346866e+002  1.3251733e+002
 -1.1584614e+002 -1.8515757e+002  1.2738816e+002
 -1.4270667e+001 -1.9128974e+002  1.2129574e+002
 -5.5341436e+001 -2.5007525e+002  9.2946409e+001
  5.0159695e+001 -1.3990488e+002  4.0875273e+001
  4.0251577e+002  1.3812743e+002  2.6514337e+001
 -9.5178562e+001  2.2659170e+002  2.4439113e+001
  3.2407737e+002  1.8333496e+001  1.3144649e+002
 -1.3630633e+001  1.4569016e+001  1.2119104e+002
  3.4692562e+002 -1.0435382e+002  5.9243737e+001
  1.1174758e+001  2.2281247e+002  7.1740560e+001
 -1.4660313e+001 -1.7190765e+002  5.5287086e+001
  3.5740682e+002  7.8048518e+001  8.4462658e+001
 -1.4468951e+001  8.7917096e+001  4.3929982e+001
  3.3559822e+002  2.3324263e+002  3.1331630e+001
  1.7312555e+002 -5.7959709e+001  1.2111292e+002
  1.5455406e+002  1.8270050e+002  1.0618083e+002
  2.6741964e+002  1.0350882e+002  3.6403976e+001
  2.2621781e+002  4.2054785e+001  8.7191683e+001
 -1.0433384e+001 -2.4565613e+002  7.0444056e+001
  8.0532544e+001  1.7736987e+002  1.2000244e+002
 -1.1574473e+002  1.3251978e+002  1.2439531e+002
 -1.4894548e+002  1.8252414e+002  5.0214685e+001
  1.5951416e+002  9.9481939e+001  2.3873209e+001
  8.0830868e+001  2.1982095e+002  6.7761303e+001
  3.8704376e+002  2.2796160e+002  1.2156696e+002
 -2.1963753e+001  4.6492505e+001  9.5478020e+001
  5.8863998e+001  7.8546614e+001  6.7564106e+001
 -9.9136224e+001 -9.8587888e+001  1.2824838e+002
  4.6291969e+001  3.7770362e+000  2.5222609e+001
  2.4051022e+002  1.9688848e+002  1.3289194e+002
  2.2752559e+002  5.6553715e+001  1.2682638e+002
 -5.0002632e+001  1.9053231e+002  9.1449303e+001
  3.2002593e+002  1.9424554e+001  7.9795624e+001
  2.6274350e+002 -1.4244915e+002  4.0931687e+001
 -1.1607432e+002 -2.4707850e+002  9.9972368e+001
 -8.5532242e+001 -3.4286087e+001  1.2341049e+002
  2.1681245e+002  2.2692059e+002  4.1644731e+001
  2.9479131e+002  2.1525118e+002  3.4467013e+001
  3.5035137e+002 -2.1389678e+002  1.1022517e+002
  3.4997817e+002  4.6293563e+001  1.2286100e+002
  7.5881712e+001 -5.8365344e+001  1.2567175e+002
  2.5106118e+002 -1.6009444e+002  1.2696459e+002
  2.1724671e+002 -1.3459708e+002  9.1344274e+001
  3.8048675e+002 -9.3711384e+001  8.0237428e+001
 -1.3819914e+001 -6.3184179e+001  3.0094786e+001
 -1.1568773e+002  2.5940552e+001  1.1579821e+002
  9.5179429e+001  1.2348240e+002  1.1732289e+002
  2.4265348e+002 -6.9613182e+001  3.6127012e+001
 -1.5204989e+002 -1.3397737e+001  2.9614240e+001
  2.5148073e+002  1.6208068e+002  4.8783207e+001
  2.3589658e+002  1.0356223e+001  2.9197665e+001
  1.5556430e+002 -2.3352121e+001  3.5602222e+001
  2.3977689e+002 -4.1623861e+001  1.2516249e+002
 -1.4362711e+002  7.6218190e+001  8.6787144e+001
 -1.3019645e+002  2.1620703e+002  8.7227921e+001
  3.9407648e+002  2.2966215e+002  8.6432316e+001
  3.1134595e+002  8.0361262e+000  2.1435866e+001
  2.1953354e+002 -2.1802463e+002  5.0387161e+001
  6.9724094e+001  2.8495822e+001  1.1721531e+002
 -1.1504721e+002  1.5947372e+002  4.0489065e+001
 -5.0526418e+001  7.9225189e+001  1.2191834e+002
  3.8791993e+002  8.8155674e+001  3.0528392e+001
  1.8035734e+002 -8.4068687e+001  9.1732837e+001
  1.4306876e+002 -2.3331440e+002  1.2255016e+002
  2.9052347e+002 -1.3473601e+002  8.9900400e+001
 -2.2918824e+001  2.7877078e+001  4.2956036e+001
  3.0893766e+001  1.1863428e+002  3.1945695e+001
  4.0139136e+002 -6.3831943e+001  1.2289777e+002
 -1.5289165e+002 -1.8448739e+002  1.2220548e+002
  1.6518251e+002  2.1118979e+002  1.9439259e+001
  2.1989275e+002  5.3633648e+001  1.0587534e+002
  2.0651618e+002 -2.2474773e+002  1.1284706e+002
  8.1073228e+001 -8.4803571e+001  1.2580302e+002
 -3.8140524e+001 -2.2003017e+002  3.4732460e+001
 -1.1003349e+002 -1.0315648e+002  2.4791622e+001
  3.6888207e+002 -1.2681515e+002  3.1575837e+001
  2.3305824e+002  1.6215929e+002  2.6715014e+001
  3.9492035e+002 -2.0960040e+002  1.2589923e+002
 -4.7916326e+001 -4.9299461e+001  9.5176660e+001
 -1.1553320e+002  1.6304367e+001  5.5691956e+001
  1.2893421e+002 -1.2939514e+002  7.4419096e+001
 -1.0464626e+002  1.2234710e+002  4.2848448e+001
  9.4806956e+001 -2.4994086e+002  3.2420671e+001
  2.1447031e+002 -1.6453579e+002  8.7546100e+001
  7.5429494e+001  7.8404895e+001  9.2268234e+001
 -1.1129365e+001 -1.5091032e+002  1.2001682e+002
 -7.4669541e+001  7.2154312e+001  3.5988087e+001
 -1.3093592e+002  1.2017836e+001  1.0655472e+002
 -1.4961229e+002  2.3227584e+002  4.4891093e+001
  3.9269840e+002  2.0616385e+002  1.0639568e+002
  3.1490737e+002  1.4416717e+002  4.0194435e+001
  4.6551665e+001  1.6075083e+002  1.2886928e+002
  1.1471315e+002 -1.4138940e+002  3.6465876e+001
 -1.5159908e+002  7.5720502e+001  1.2169679e+002
  3.6024240e+002  2.2106318e+002  2.5724669e+001
 -2.4414811e+001  1.0881122e+002  1.0568716e+002
  3.4710472e+001 -7.5480555e+000  5.8939950e+001
  3.9455320e+002 -2.5091209e+002  3.5520214e+001
  2.7258090e+002  1.4414656e+002  1.1778888e+002
  1.7802343e+002 -2.4059150e+002  6.2756712e+001
  1.3378853e+002  2.2309805e+002  2.5944700e+001
  1.5958759e+002  1.5535875e+002  1.2055369e+002
  2.1788542e+002  2.5530328e+001  2.1576935e+001
  2.7859773e+001 -2.0500941e+002  4.0836785e+001
  1.2121624e+001  5.4525155e+001  3.0621589e+001
  2.2822716e+002  2.0256016e+002  1.1144789e+002
  2.6410898e+002 -1.7714622e+002  9.6095098e+001
  2.8644727e+002 -1.5326918e+002  2.5780456e+001
  4.9905772e+001  2.1664405e+002  1.2389220e+002
  1.5049012e+002 -1.2140412e+002  1.2195524e+002
 -6.6896383e+001  9.0418571e+001  1.2382935e+002
  2.9984700e+002 -2.4578054e+002  1.1071236e+002
 -1.3606535e+002 -7.3561940e+001  1.1824792e+002
  1.1778312e+002 -7.3394629e+001  7.0646588e+001
  2.9577714e+002 -5.7383551e+001  5.0368908e+001
  2.9490283e+002  2.1617794e+002  1.0970356e+002
  2.5808384e+002 -2.4454664e+002  2.6828801e+001
  1.2106421e+002  2.1880761e+002  1.2865683e+002
 -1.3333560e+002  1.0718175e+002  3.3883386e+001
 -1.6197854e+002 -1.3759558e+001  1.0437097e+002
  2.5811281e+002 -9.8934083e+001  1.2239433e+002
 -1.5636002e+002 -1.6780777e+002  4.6325225e+001
 -7.1738421e+001 -1.8498845e+002  4.6652149e+001
  1.4126116e+002 -1.5426932e+000  1.2401058e+002
  1.3622967e+002  2.5779083e+001  3.3879877e+001
  3.9923283e+002  5.1160627e+001  9.6229696e+001
  2.5751099e+002  6.4264429e+001  8.6731444e+001
 -8.0878944e+001 -2.1105412e+002  1.1078922e+002
  3.8280919e+002 -1.9576076e+002  4.5369461e+001
  4.6147566e+001 -1.6225341e+002  3.5451947e+001
  1.1051080e+002 -1.8078196e+002  2.8492501e+001
  3.9705120e+002  1.2197918e+002  1.1693034e+002
 -6.7363909e+001  2.1971833e+002  1.1807782e+002
  6.4737362e+001 -4.0587317e+001  4.4887473e+001
  7.8347347e+001  2.7563768e+001  3.9005908e+001
  1.9743045e+002 -2.0860002e+002  3.9577802e+001
  1.4595611e+001 -4.3255679e+001  1.1890069e+002
  1.3203430e+001  6.9767172e+001  1.2493056e+002
 -2.8779861e+001  1.5429881e+002  2.4314172e+001
  3.2134729e+002 -1.9062132e+002  1.1457920e+002
 -1.0896636e+002  1.4483902e+002  1.0763046e+002
  1.8728936e+002  1.5334164e+002  5.3893700e+001
  3.9062310e+002 -3.2334904e+001  3.3611314e+001
  4.0126034e+002 -1.2263444e+002  1.1849041e+002
  1.4784420e+002  1.8394288e+002  4.6767440e+001
 -1.5474123e+002 -1.2915155e+002  9.2518905e+001
  2.7736110e+002 -2.4678317e+002  1.1681150e+002
 -1.4764506e+002  1.7964424e+002  2.4054483e+001
  2.2864993e+001 -5.6260104e+001  2.1194132e+001
 -1.2038609e+001  1.9182252e+002  9.7765161e+001
  3.8663167e+002 -7.4644013e+001  5.7431312e+001
  3.2622764e+002  9.8748721e+001  1.2550992e+002
 -1.4716459e+002 -2.3618765e+002  3.0938688e+001
  9.7415007e+001 -2.4649500e+002  8.4299444e+001
  2.9076082e+001 -1.2671210e+002  1.1837496e+002
 -8.2229252e+001  1.1263835e+001  1.1643188e+002
  2.2467745e+002  2.1579451e+002  6.3917054e+001
  1.0089881e+002  1.0847985e+002  3.4024931e+001
  7.7215510e+001  1.0834046e+002  1.1434596e+002
 -5.4572135e+001 -1.2799028e+002  2.8859983e+001
 -1.4023638e+002  2.2128897e+002  2.0420915e+001
  1.2768733e+002 -1.4662972e+002  8.8444610e+001
 -1.1745345e+002 -3.7374188e+001  3.1167221e+001
  1.9094415e+002 -1.7289568e+002  8.8277120e+001
  9.6213023e+001 -2.2956657e+002  3.6874298e+001
  1.0360364e+002 -1.0450198e+002  3.6863159e+001
  3.9077497e+002 -1.3477041e+002  1.0802203e+002
  2.0793897e+002  1.4623657e+002  1.0943709e+002
  2.6352944e+002  1.5699509e+002  7.9959410e+001
  3.8579871e+002  1.8569944e+002  3.7089553e+001
  3.8520108e+002  1.3849099e+001  2.8059300e+001
  1.0171068e+001  2.1926936e+002  1.0883459e+002
  1.5710779e+002 -2.3000625e+002  4.5033221e+001
  3.3414561e+002  1.2221571e+002  2.8771449e+001
  7.0598367e+001 -1.2461038e+002  9.1396035e+001
  3.1730608e+002  1.9568137e+002  1.2898029e+002
  3.8365754e+002 -7.7802961e+001  1.2149443e+002
 -1.3618828e+002  9.5124338e+001  2.1106530e+001
  1.4324356e+002  1.9001007e+002  2.6751854e+001
  3.8449736e+002 -2.3277051e+002  1.1766155e+002
 -2.5805356e+001  1.6615078e+001  2.7835329e+001
  3.1371395e+002 -4.6439898e+001  1.2614237e+002
 -9.1984605e+001  1.5302858e+002  1.0544217e+002
  3.4964901e+002  2.2031493e+002  8.9703699e+001
  2.7526124e+002 -1.4920662e+002  3.5892558e+001
 -3.7197059e+001 -5.0384042e+001  1.1349063e+002
  3.8378851e+002 -7.5731310e+001  2.9507500e+001
  2.8045023e+002 -1.9736791e+001  5.9848396e+001
 -1.5255927e+002  1.2317855e+002  1.1760608e+002
  3.0952128e+002 -1.2188514e+002  1.1186502e+002
  1.9502277e+002 -9.9112088e+001  3.6346688e+001
 -1.3673895e+002 -2.3726501e+002  1.1549744e+002
 -4.4664245e+001  2.1797588e+002  3.1029486e+001
 -5.8085921e+001 -6.2795255e+001  9.1045863e+001
  2.2346581e+002 -2.1905379e+001  1.2104223e+002
  3.0913984e+002 -9.1178614e+001  6.8311390e+001
 -4.2888730e+001 -1.3800925e+002  6.1973101e+001
  3.9911420e+002  9.6614279e+001  1.2161799e+002
  7.9457986e+001 -7.1877207e+001  1.2620581e+002
 -1.4544454e+002 -1.5166728e+002  8.1051787e+001
  2.4960601e+002 -9.9202330e+001  1.2316029e+002
  1.3795224e+002  9.3935715e+001  2.1958373e+001
  1.4956892e+002  1.9857050e+001  4.2563167e+001
 -2.0588356e+001 -1.5314129e+002  1.0998575e+002
 -1.3642175e+002  2.0348275e+002  1.2224755e+002
  3.0409515e+002  4.5457471e+001  6.0576790e+001
  9.7415695e+001  2.5012635e+001  1.2514520e+002
 -1.5894122e+002 -3.4326395e+001  3.5443417e+001
  9.7678046e+001  6.9713774e+001  6.4559248e+001
  1.6530616e+001  1.4780105e+002  2.9591671e+001
 -9.9247831e+001  1.5474831e+002  2.7183039e+001
 -1.4506887e+002 -2.4883704e+002  3.3213086e+001
  3.4968576e+002 -1.6390394e+002  1.1626287e+002
  3.1697459e+002 -1.9417174e+002  2.6916295e+001
 -4.7634395e+001  1.3301405e+002  1.1502087e+002
  1.9782595e+002  1.5445503e+002  3.3747389e+001
  6.8579135e+000  8.7288993e+001  1.2221447e+002
  3.3892061e+001 -2.3990548e+002  9.9350342e+001
  4.4022269e+001 -9.3031144e+001  7.0734080e+001
  1.7235361e+002  5.4446833e+001  8.9152184e+001
  2.6057413e+001  2.4455998e+001  1.0965691e+002
 -1.5886675e+002  2.9490746e+000  1.1115425e+002
  2.0284489e+002  2.2470681e+002  1.1377352e+002
  3.9290470e+002  1.1424197e+002  2.9243324e+001
 -1.1985441e+002 -1.7663401e+002  3.1200519e+001
  3.8043342e+002 -2.9729971e+000  1.2516057e+002
  1.1530094e+002  2.0249909e+001  3.6435236e+001
 -5.6366823e+001  2.1520181e+002  1.2328645e+002
  3.8668280e+002  1.8293290e+002  6.3132894e+001
  1.7517154e+002 -2.1870147e+002  1.2117189e+002
  6.7381644e+001 -1.8077067e+002  9.9200428e+001
  1.6621391e+002 -1.7247249e+002  3.9386165e+001
  1.2175097e+002 -6.0447963e+001  8.5063685e+001
 -7.1807108e+001 -1.9931475e+002  1.1805942e+002
  2.9428396e+002 -2.3242320e+002  4.7385945e+001
  3.9142843e+002  1.9951917e+002  2.7964823e+001
  2.6617954e+001  1.2682215e+002  9.8579964e+001
  2.9421041e+002 -7.2332448e+001  2.8778561e+001
 -1.5256173e+002 -1.5190025e+002  1.2726899e+002
 -1.4899503e+002 -2.3261870e+002  1.1866593e+002
 -1.5415031e+002 -2.3703064e+002  9.9515887e+001
  3.9265562e+002  1.4921449e+002  1.2697846e+002
  3.8117858e+002 -4.1536802e+001  3.4083267e+001
  6.1835235e+001 -2.4598912e+002  1.2096048e+002
  5.6494128e+001 -2.4601647e+002  2.9747197e+001
 -3.7680428e+001 -1.9046413e+002  1.2043130e+002
 -1.5169000e+002  1.3414769e+002  5.1553794e+001
  3.4068625e+002 -2.2732281e+002  9.8685080e+001
  2.7385634e+001  6.7139531e+001  2.6761351e+001
  2.1038076e+002 -3.5941573e+001  3.9149256e+001
  2.8390636e+002 -4.8780828e+001  3.1280225e+001
  2.4645703e+002  1.0267368e+002  5.5160406e+001
